# t[days] u g r i z y J H K
0.20202 -11.037 -9.432 -9.149 -9.450 -9.672 -9.209 -9.471 -8.080 -5.678 
0.40404 -12.492 -12.626 -13.387 -14.239 -14.459 -14.349 -13.835 -13.459 -12.685 
0.60606 -13.770 -13.867 -14.347 -14.803 -14.973 -15.063 -14.788 -14.100 -14.009 
0.80808 -13.655 -14.147 -14.691 -15.097 -15.331 -15.427 -15.094 -14.794 -14.257 
1.01010 -13.774 -14.254 -14.679 -15.192 -15.442 -15.551 -15.308 -14.830 -14.494 
1.21212 -13.640 -14.221 -14.824 -15.186 -15.541 -15.559 -15.334 -14.971 -14.613 
1.41414 -13.557 -14.152 -14.740 -15.139 -15.521 -15.618 -15.397 -15.100 -14.682 
1.61616 -13.050 -14.043 -14.628 -15.152 -15.474 -15.538 -15.303 -15.081 -14.741 
1.81818 -12.818 -13.881 -14.525 -15.104 -15.411 -15.447 -15.295 -15.013 -14.632 
2.02020 -12.352 -13.641 -14.413 -14.958 -15.341 -15.407 -15.279 -15.000 -14.584 
2.22222 -12.329 -13.547 -14.209 -14.867 -15.204 -15.312 -15.185 -15.007 -14.587 
2.42424 -11.818 -13.182 -14.100 -14.720 -15.033 -15.175 -15.113 -14.923 -14.636 
2.62626 -11.261 -12.796 -13.809 -14.477 -14.935 -14.999 -14.926 -14.860 -14.548 
2.82828 -10.918 -12.463 -13.645 -14.312 -14.747 -14.848 -14.904 -14.786 -14.505 
3.03030 -10.557 -12.271 -13.392 -14.162 -14.573 -14.730 -14.825 -14.661 -14.509 
3.23232 -9.994 -11.961 -13.273 -13.996 -14.419 -14.534 -14.659 -14.626 -14.432 
3.43434 -9.518 -11.643 -13.022 -13.825 -14.245 -14.381 -14.486 -14.563 -14.326 
3.63636 -9.176 -11.344 -12.750 -13.639 -14.074 -14.232 -14.382 -14.396 -14.314 
3.83838 -8.527 -10.938 -12.551 -13.431 -13.864 -13.996 -14.203 -14.285 -14.259 
4.04040 -8.322 -10.803 -12.302 -13.267 -13.747 -13.825 -14.058 -14.231 -14.109 
4.24242 -7.616 -10.533 -12.072 -12.962 -13.523 -13.686 -13.888 -14.094 -14.066 
4.44444 -7.393 -10.234 -11.720 -12.756 -13.294 -13.501 -13.799 -13.982 -13.922 
4.64646 -6.761 -9.804 -11.488 -12.549 -13.197 -13.386 -13.653 -13.829 -13.967 
4.84848 -6.151 -9.413 -11.383 -12.391 -12.981 -13.249 -13.528 -13.760 -13.832 
5.05051 -5.422 -9.216 -11.123 -12.225 -12.796 -13.084 -13.308 -13.621 -13.676 
5.25253 -5.124 -8.871 -10.791 -12.053 -12.622 -12.912 -13.291 -13.581 -13.633 
5.45455 -4.987 -8.689 -10.702 -11.834 -12.495 -12.796 -13.119 -13.448 -13.628 
5.65657 -5.608 -8.470 -10.505 -11.753 -12.392 -12.562 -13.013 -13.315 -13.438 
5.85859 -5.009 -8.183 -10.337 -11.644 -12.261 -12.522 -12.895 -13.255 -13.366 
6.06061 -4.133 -7.989 -10.107 -11.449 -12.110 -12.326 -12.796 -13.175 -13.329 
6.26263 -3.642 -7.627 -9.868 -11.240 -11.982 -12.288 -12.642 -13.114 -13.281 
6.46465 -4.239 -7.484 -9.724 -11.085 -11.831 -12.129 -12.542 -13.040 -13.200 
6.66667 -2.768 -7.156 -9.535 -10.969 -11.739 -12.016 -12.411 -12.908 -13.116 
6.86869 -2.836 -7.086 -9.513 -10.846 -11.562 -11.944 -12.380 -12.807 -13.127 
7.07071 -3.581 -6.660 -9.462 -10.673 -11.447 -11.713 -12.225 -12.776 -13.074 
7.27273 -1.725 -6.779 -9.164 -10.601 -11.387 -11.727 -12.169 -12.638 -12.945 
7.47475 -1.934 -6.424 -9.046 -10.471 -11.243 -11.522 -12.000 -12.636 -12.867 
7.67677 -2.827 -6.120 -8.824 -10.445 -11.115 -11.449 -11.925 -12.522 -12.822 
7.87879 -1.126 -6.168 -8.730 -10.272 -10.995 -11.296 -11.829 -12.442 -12.718 
8.08081 -0.509 -6.133 -8.664 -10.154 -10.916 -11.191 -11.744 -12.356 -12.713 
8.28283 -0.244 -5.573 -8.370 -10.050 -10.786 -11.089 -11.684 -12.222 -12.657 
8.48485 -0.659 -5.462 -8.356 -9.923 -10.681 -10.970 -11.538 -12.213 -12.594 
8.68687 0.033 -5.491 -8.232 -9.813 -10.505 -10.847 -11.467 -12.124 -12.503 
8.88889 0.354 -5.260 -7.955 -9.598 -10.395 -10.774 -11.362 -12.027 -12.452 
9.09091 -0.304 -4.994 -7.788 -9.539 -10.318 -10.641 -11.259 -11.907 -12.376 
9.29293 0.651 -4.957 -7.884 -9.461 -10.170 -10.588 -11.134 -11.838 -12.336 
9.49495 -0.600 -4.495 -7.776 -9.314 -10.083 -10.411 -11.138 -11.809 -12.273 
9.69697 -1.921 -4.498 -7.553 -9.188 -9.969 -10.338 -10.974 -11.727 -12.140 
9.89899 0.807 -4.512 -7.499 -9.079 -9.890 -10.274 -10.903 -11.644 -12.171 
10.10101 1.901 -4.262 -7.395 -9.033 -9.834 -10.192 -10.774 -11.575 -12.070 
10.30303 1.238 -4.068 -7.285 -8.849 -9.697 -10.096 -10.711 -11.476 -11.984 
10.50505 2.596 -4.057 -7.167 -8.761 -9.540 -9.945 -10.620 -11.416 -11.990 
10.70707 2.291 -3.899 -6.850 -8.632 -9.508 -9.964 -10.578 -11.349 -11.959 
10.90909 -0.773 -3.942 -6.839 -8.630 -9.511 -9.876 -10.568 -11.316 -11.852 
11.11111 2.194 -3.516 -6.699 -8.490 -9.216 -9.728 -10.431 -11.228 -11.842 
11.31313 3.405 -3.759 -6.500 -8.357 -9.206 -9.589 -10.332 -11.084 -11.759 
11.51515 -1.534 -3.599 -6.510 -8.283 -9.157 -9.534 -10.307 -11.122 -11.727 
11.71717 3.659 -3.553 -6.399 -8.270 -9.119 -9.505 -10.227 -11.031 -11.613 
11.91919 -1.415 -3.820 -6.215 -8.110 -8.989 -9.273 -10.076 -10.910 -11.598 
12.12121 2.145 -3.327 -6.119 -8.008 -8.860 -9.204 -9.971 -10.905 -11.496 
12.32323 3.990 -2.790 -5.970 -7.873 -8.691 -9.087 -9.910 -10.780 -11.462 
12.52525 4.574 -2.886 -6.128 -7.796 -8.582 -8.983 -9.888 -10.730 -11.378 
12.72727 0.179 -3.164 -6.007 -7.817 -8.525 -8.957 -9.784 -10.703 -11.365 
12.92929 3.422 -2.436 -5.833 -7.727 -8.605 -8.903 -9.729 -10.581 -11.263 
13.13131 2.555 -2.625 -5.706 -7.437 -8.452 -8.837 -9.660 -10.588 -11.271 
13.33333 -2.033 -1.887 -5.608 -7.531 -8.305 -8.678 -9.616 -10.505 -11.256 
13.53535 5.842 -2.556 -5.519 -7.403 -8.344 -8.729 -9.556 -10.489 -11.096 
13.73737 -1.825 -2.447 -5.418 -7.283 -8.140 -8.667 -9.468 -10.333 -11.150 
13.93939 1.024 -1.964 -5.375 -7.250 -8.169 -8.429 -9.415 -10.345 -11.082 
14.14141 5.350 -2.253 -4.968 -7.017 -8.017 -8.430 -9.324 -10.323 -11.019 
14.34343 5.636 -2.105 -5.277 -7.025 -7.811 -8.396 -9.305 -10.246 -10.976 
14.54545 6.623 -1.617 -5.068 -7.043 -7.965 -8.242 -9.206 -10.239 -10.866 
14.74747 1.245 -1.269 -5.024 -6.925 -7.888 -8.367 -9.133 -10.113 -10.773 
14.94949 -1.279 -1.738 -4.969 -6.799 -7.777 -8.264 -9.082 -10.014 -10.827 
15.15152 6.880 -1.468 -4.885 -6.661 -7.679 -8.149 -9.030 -10.011 -10.710 
15.35354 7.475 -1.422 -4.879 -6.589 -7.643 -8.065 -8.998 -9.935 -10.710 
15.55556 5.413 -1.657 -4.849 -6.688 -7.478 -7.940 -8.923 -9.978 -10.663 
15.75758 2.420 -0.460 -4.509 -6.549 -7.348 -7.864 -8.795 -9.866 -10.661 
15.95960 7.790 -0.771 -4.481 -6.362 -7.254 -7.691 -8.923 -9.804 -10.586 
16.16162 3.530 -0.907 -4.171 -6.230 -7.213 -7.828 -8.691 -9.752 -10.583 
16.36364 7.057 -0.705 -4.338 -6.245 -7.208 -7.612 -8.623 -9.760 -10.501 
16.56566 8.844 -0.645 -4.281 -6.063 -7.164 -7.757 -8.671 -9.622 -10.415 
16.76768 4.631 0.574 -4.346 -6.005 -7.110 -7.439 -8.552 -9.658 -10.382 
16.96970 6.110 -0.565 -3.870 -6.105 -6.994 -7.467 -8.571 -9.542 -10.322 
17.17172 6.991 -0.214 -3.808 -5.876 -6.905 -7.303 -8.451 -9.429 -10.325 
17.37374 -0.594 -0.752 -4.141 -5.897 -6.804 -7.451 -8.377 -9.481 -10.267 
17.57576 -1.026 -1.618 -3.735 -5.787 -6.577 -7.286 -8.381 -9.409 -10.167 
17.77778 6.030 -0.932 -3.899 -5.547 -6.527 -7.182 -8.215 -9.352 -10.193 
17.97980 7.602 -1.397 -3.304 -5.512 -6.617 -6.914 -8.136 -9.270 -10.121 
18.18182 9.225 0.147 -3.311 -5.406 -6.484 -6.936 -8.052 -9.188 -10.095 
18.38384 12.116 0.544 -2.751 -5.286 -6.502 -7.015 -7.968 -9.230 -10.072 
18.58586 6.919 0.149 -3.119 -5.382 -6.175 -7.039 -7.999 -9.100 -10.013 
18.78788 1.994 -0.447 -3.080 -5.224 -5.996 -6.652 -8.034 -9.037 -9.949 
18.98990 9.606 -0.689 -3.236 -5.355 -6.089 -6.795 -7.867 -9.062 -9.907 
19.19192 6.726 0.803 -3.251 -5.112 -6.241 -6.533 -7.817 -8.990 -9.901 
19.39394 12.176 -0.287 -3.143 -4.722 -6.132 -6.673 -7.892 -8.841 -9.826 
19.59596 4.037 -0.830 -2.584 -5.219 -5.981 -6.633 -7.717 -8.966 -9.671 
19.79798 10.880 0.294 -2.487 -4.174 -5.817 -6.177 -7.501 -8.638 -9.579 
20.00000 1.319 0.856 -1.925 -3.982 -5.695 -6.237 -7.335 -8.460 -9.343 
