0.6345630724
0.6342158502
0.6342158502
0.6335214057
0.6338686280
0.6331741835
0.6324797391
0.6331741835
0.6324797391
0.6328269613
0.6317852946
0.6310908502
0.6307436280
0.6303964057
0.6314380724
0.6310908502
0.6300491835
0.6286602946
0.6303964057
0.6286602946
0.6307436280
0.6283130724
0.6279658502
0.6290075168
0.6297019613
0.6279658502
0.6269241835
0.6290075168
0.6269241835
0.6258825168
0.6258825168
0.6265769613
0.6265769613
0.6255352946
0.6244936279
0.6262297390
0.6255352946
0.6258825168
0.6231047390
0.6244936279
0.6237991835
0.6227575168
0.6231047390
0.6244936279
0.6220630724
0.6234519613
0.6227575168
0.6217158501
0.6192852946
0.6196325168
