# t[days] u g r i z y J H K
0.20202 170.566 611.270 nan nan nan nan nan nan nan 
0.40404 -11.975 -11.292 -12.137 -12.685 -12.960 -11.001 -11.561 -9.284 -10.099 
0.60606 -13.609 -13.626 -13.526 -13.706 -14.626 -14.321 -14.196 -13.417 -13.220 
0.80808 -14.439 -14.420 -14.696 -15.290 -15.371 -15.551 -15.429 -14.104 -14.988 
1.01010 -14.571 -14.594 -15.101 -15.337 -15.491 -15.782 -15.807 -15.181 -15.313 
1.21212 -14.687 -14.793 -15.252 -15.693 -15.831 -16.130 -15.843 -15.307 -14.718 
1.41414 -14.798 -14.720 -15.190 -15.564 -15.882 -16.025 -15.878 -15.406 -15.195 
1.61616 -14.500 -14.849 -15.063 -15.508 -15.701 -15.915 -15.755 -15.445 -15.201 
1.81818 -14.400 -14.793 -15.148 -15.633 -15.858 -16.039 -15.866 -15.573 -14.974 
2.02020 -14.453 -14.718 -15.213 -15.579 -15.887 -15.910 -15.840 -15.516 -15.087 
2.22222 -14.404 -14.818 -15.249 -15.574 -15.939 -16.166 -15.934 -15.687 -15.346 
2.42424 -14.474 -14.861 -15.306 -15.587 -15.914 -15.982 -15.962 -15.550 -15.151 
2.62626 -13.946 -14.667 -15.127 -15.561 -15.880 -15.963 -15.993 -15.703 -15.326 
2.82828 -13.715 -14.516 -15.017 -15.401 -15.711 -16.039 -15.835 -15.746 -15.405 
3.03030 -13.832 -14.640 -15.101 -15.508 -15.848 -16.006 -15.941 -15.760 -15.416 
3.23232 -13.580 -14.299 -15.080 -15.480 -15.806 -15.928 -15.930 -15.828 -15.475 
3.43434 -13.276 -14.257 -14.958 -15.325 -15.789 -16.084 -15.904 -15.650 -15.575 
3.63636 -13.452 -14.166 -14.818 -15.444 -15.796 -15.975 -15.938 -15.705 -15.418 
3.83838 -12.683 -14.076 -14.749 -15.314 -15.654 -15.941 -15.995 -15.772 -15.501 
4.04040 -12.411 -13.875 -14.740 -15.187 -15.671 -15.864 -15.917 -15.715 -15.509 
4.24242 -12.626 -13.790 -14.619 -15.206 -15.659 -15.838 -15.890 -15.806 -15.609 
4.44444 -12.030 -13.623 -14.557 -15.111 -15.513 -15.837 -15.834 -15.766 -15.547 
4.64646 -12.218 -13.402 -14.357 -15.004 -15.447 -15.757 -15.869 -15.751 -15.519 
4.84848 -11.801 -13.411 -14.301 -14.932 -15.396 -15.535 -15.770 -15.777 -15.675 
5.05051 -11.315 -13.137 -14.188 -14.878 -15.285 -15.589 -15.738 -15.746 -15.638 
5.25253 -11.352 -12.965 -14.065 -14.786 -15.274 -15.652 -15.693 -15.785 -15.551 
5.45455 -11.108 -12.822 -13.925 -14.810 -15.143 -15.567 -15.694 -15.645 -15.600 
5.65657 -10.732 -12.547 -13.881 -14.556 -15.179 -15.460 -15.586 -15.716 -15.417 
5.85859 -10.520 -12.421 -13.626 -14.596 -15.111 -15.347 -15.606 -15.688 -15.522 
6.06061 -9.730 -12.222 -13.637 -14.475 -14.947 -15.202 -15.512 -15.636 -15.494 
6.26263 -10.195 -12.193 -13.448 -14.395 -14.904 -15.200 -15.424 -15.558 -15.478 
6.46465 -9.648 -12.021 -13.398 -14.221 -14.780 -15.104 -15.357 -15.402 -15.497 
6.66667 -9.320 -11.858 -13.193 -14.092 -14.778 -15.087 -15.322 -15.452 -15.428 
6.86869 -8.812 -11.435 -13.083 -13.972 -14.683 -15.044 -15.300 -15.407 -15.370 
7.07071 -8.805 -11.147 -12.887 -13.930 -14.476 -14.953 -15.220 -15.365 -15.332 
7.27273 -8.704 -11.110 -12.739 -13.880 -14.452 -14.763 -15.159 -15.322 -15.288 
7.47475 -8.487 -11.043 -12.579 -13.679 -14.313 -14.817 -15.085 -15.275 -15.295 
7.67677 -7.722 -10.780 -12.361 -13.534 -14.208 -14.608 -14.978 -15.235 -15.163 
7.87879 -7.867 -10.412 -12.258 -13.473 -14.254 -14.574 -14.988 -15.263 -15.291 
8.08081 -7.726 -10.426 -12.102 -13.326 -14.125 -14.517 -14.891 -15.027 -15.182 
8.28283 -7.022 -10.110 -11.969 -13.134 -13.876 -14.361 -14.891 -15.086 -15.186 
8.48485 -7.867 -10.061 -11.992 -12.996 -13.783 -14.290 -14.717 -15.008 -15.075 
8.68687 -6.869 -9.577 -11.716 -12.985 -13.696 -14.288 -14.651 -14.886 -15.008 
8.88889 -6.598 -9.799 -11.592 -13.000 -13.584 -14.112 -14.572 -14.882 -15.029 
9.09091 -5.811 -9.335 -11.416 -12.833 -13.519 -14.008 -14.518 -14.777 -14.953 
9.29293 -6.283 -8.966 -11.198 -12.597 -13.379 -13.941 -14.412 -14.802 -15.116 
9.49495 -5.924 -9.326 -11.079 -12.695 -13.328 -13.875 -14.363 -14.738 -14.852 
9.69697 -5.813 -8.746 -10.919 -12.488 -13.216 -13.855 -14.335 -14.676 -14.876 
9.89899 -5.427 -8.966 -10.924 -12.269 -13.142 -13.582 -14.185 -14.592 -14.847 
10.10101 -5.523 -8.204 -10.570 -12.213 -13.097 -13.486 -14.133 -14.506 -14.724 
10.30303 -5.555 -8.071 -10.430 -11.975 -13.122 -13.510 -14.056 -14.460 -14.665 
10.50505 -4.509 -7.629 -10.322 -11.917 -12.921 -13.498 -14.009 -14.428 -14.636 
10.70707 -5.805 -7.735 -10.141 -11.896 -12.770 -13.266 -13.916 -14.393 -14.670 
10.90909 -5.592 -7.970 -10.030 -11.779 -12.703 -13.180 -13.760 -14.340 -14.684 
11.11111 -3.982 -7.828 -10.102 -11.531 -12.618 -13.172 -13.807 -14.284 -14.534 
11.31313 -5.390 -7.355 -9.942 -11.644 -12.490 -13.053 -13.675 -14.215 -14.566 
11.51515 -3.402 -6.876 -9.593 -11.428 -12.339 -13.024 -13.717 -14.214 -14.546 
11.71717 -3.463 -6.963 -9.336 -11.205 -12.281 -12.967 -13.597 -14.149 -14.444 
11.91919 -4.598 -6.845 -9.285 -11.177 -12.209 -12.751 -13.427 -14.133 -14.415 
12.12121 -4.687 -6.794 -9.310 -11.109 -12.153 -12.799 -13.481 -13.944 -14.352 
12.32323 -3.411 -6.210 -8.898 -10.990 -12.134 -12.638 -13.421 -13.888 -14.247 
12.52525 -2.721 -6.873 -9.248 -11.164 -11.996 -12.562 -13.320 -13.965 -14.295 
12.72727 -2.548 -5.833 -8.865 -10.845 -11.962 -12.436 -13.289 -13.905 -14.209 
12.92929 -4.430 -6.054 -8.751 -10.708 -12.030 -12.378 -13.170 -13.752 -14.199 
13.13131 -5.439 -5.537 -8.906 -10.812 -11.738 -12.349 -13.150 -13.772 -14.128 
13.33333 -2.214 -5.446 -8.540 -10.424 -11.673 -12.176 -13.147 -13.722 -14.187 
13.53535 -4.109 -5.095 -8.600 -10.442 -11.502 -12.174 -13.051 -13.642 -14.096 
13.73737 -2.071 -5.469 -8.386 -10.397 -11.582 -12.144 -12.843 -13.504 -14.003 
13.93939 -4.113 -5.156 -8.204 -10.361 -11.399 -12.113 -12.893 -13.653 -13.976 
14.14141 -4.077 -5.298 -8.139 -10.173 -11.328 -12.012 -12.857 -13.497 -13.833 
14.34343 -3.821 -5.266 -8.019 -10.016 -11.406 -11.911 -12.688 -13.492 -13.880 
14.54545 -1.644 -4.473 -7.861 -10.029 -11.134 -11.871 -12.730 -13.409 -13.822 
14.74747 -3.756 -5.233 -7.750 -10.034 -11.302 -11.921 -12.672 -13.342 -13.786 
14.94949 -3.624 -4.691 -7.711 -9.861 -11.114 -11.764 -12.620 -13.306 -13.787 
15.15152 -2.754 -4.886 -7.676 -10.152 -11.207 -11.692 -12.596 -13.200 -13.754 
15.35354 -1.237 -4.421 -7.552 -9.637 -10.969 -11.665 -12.464 -13.281 -13.776 
15.55556 -2.171 -4.252 -7.548 -9.846 -10.977 -11.612 -12.514 -13.168 -13.646 
15.75758 -3.952 -4.627 -7.407 -9.681 -10.886 -11.695 -12.413 -13.176 -13.602 
15.95960 -0.874 -4.390 -7.226 -9.547 -10.975 -11.596 -12.403 -13.089 -13.579 
16.16162 -4.595 -4.553 -6.969 -9.368 -10.740 -11.523 -12.293 -13.103 -13.540 
16.36364 -0.676 -3.408 -6.916 -9.346 -10.620 -11.356 -12.313 -13.003 -13.597 
16.56566 -2.629 -3.482 -7.010 -9.218 -10.647 -11.400 -12.254 -12.930 -13.453 
16.76768 -3.667 -3.129 -6.639 -9.051 -10.677 -11.184 -12.215 -12.923 -13.512 
16.96970 -3.076 -3.473 -6.691 -9.003 -10.408 -11.208 -12.063 -12.898 -13.397 
17.17172 -3.400 -2.796 -6.584 -9.089 -10.402 -11.150 -12.090 -12.832 -13.404 
17.37374 -4.820 -3.277 -6.409 -8.909 -10.259 -11.096 -12.088 -12.848 -13.353 
17.57576 -3.605 -3.882 -6.561 -8.793 -10.232 -11.008 -11.937 -12.781 -13.304 
17.77778 -4.598 -2.923 -6.420 -8.780 -10.321 -10.920 -11.908 -12.763 -13.300 
17.97980 0.011 -3.355 -6.740 -8.713 -10.248 -10.895 -11.870 -12.692 -13.345 
18.18182 -2.974 -3.397 -6.130 -8.792 -10.109 -10.786 -11.854 -12.674 -13.210 
18.38384 0.342 -2.809 -6.637 -8.655 -9.966 -10.798 -11.814 -12.627 -13.183 
18.58586 -4.886 -3.596 -5.768 -8.472 -9.909 -10.745 -11.690 -12.556 -13.117 
18.78788 -1.587 -3.443 -5.924 -8.408 -9.904 -10.734 -11.664 -12.541 -13.106 
18.98990 -4.023 -4.508 -5.712 -8.471 -9.791 -10.652 -11.604 -12.482 -13.063 
19.19192 -0.064 -4.284 -5.899 -8.354 -9.873 -10.565 -11.594 -12.406 -13.115 
19.39394 1.421 -1.890 -5.750 -8.255 -9.634 -10.478 -11.568 -12.290 -12.987 
19.59596 1.486 -2.934 -5.140 -8.065 -9.614 -10.554 -11.344 -12.279 -12.884 
19.79798 0.777 -1.633 -5.846 -8.070 -9.572 -10.363 -11.295 -12.215 -12.861 
20.00000 1.727 -1.541 -5.235 -7.750 -9.437 -10.243 -11.223 -12.167 -12.782 
