# t[days] u g r i z y J H K
0.10 nan nan nan nan nan nan nan nan nan 
0.20 nan nan nan nan nan nan nan nan nan 
0.30 nan nan nan nan nan nan nan nan nan 
0.40 nan nan nan nan nan nan nan nan nan 
0.50 nan nan nan nan nan nan nan nan nan 
0.60 nan nan nan nan nan nan nan nan nan 
0.70 nan nan nan nan nan nan nan nan nan 
0.80 nan nan nan nan nan nan nan nan nan 
0.90 nan nan nan nan nan nan nan nan nan 
1.00 nan nan nan nan nan nan nan nan nan 
1.10 nan nan nan nan nan nan nan nan nan 
1.20 nan nan nan nan nan nan nan nan nan 
1.30 nan nan nan nan nan nan nan nan nan 
1.40 nan nan nan nan nan nan nan nan nan 
1.50 nan nan nan nan nan nan nan nan nan 
1.60 nan nan nan nan nan nan nan nan nan 
1.70 -6.365 -9.595 -11.780 -13.391 -14.552 -14.398 -13.950 -12.400 -10.491 
1.80 -6.014 -9.371 -11.625 -13.267 -14.452 -14.316 -13.921 -12.494 -10.636 
1.90 -5.704 -9.139 -11.473 -13.145 -14.353 -14.235 -13.893 -12.581 -10.770 
2.00 -5.382 -8.900 -11.318 -13.025 -14.255 -14.156 -13.870 -12.666 -10.904 
2.10 -5.050 -8.665 -11.158 -12.908 -14.157 -14.078 -13.849 -12.736 -11.048 
2.20 -4.728 -8.439 -10.999 -12.793 -14.060 -14.002 -13.833 -12.799 -11.190 
2.30 -4.369 -8.215 -10.842 -12.681 -13.964 -13.927 -13.819 -12.845 -11.316 
2.40 -3.975 -7.992 -10.688 -12.573 -13.871 -13.854 -13.805 -12.878 -11.430 
2.50 -3.573 -7.771 -10.541 -12.465 -13.783 -13.784 -13.790 -12.903 -11.540 
2.60 -3.246 -7.537 -10.396 -12.355 -13.700 -13.718 -13.770 -12.914 -11.642 
2.70 -2.956 -7.307 -10.254 -12.247 -13.622 -13.655 -13.750 -12.920 -11.735 
2.80 -2.680 -7.078 -10.113 -12.141 -13.545 -13.592 -13.728 -12.921 -11.827 
2.90 -2.417 -6.850 -9.972 -12.038 -13.473 -13.532 -13.702 -12.911 -11.917 
3.00 -2.189 -6.625 -9.830 -11.938 -13.406 -13.474 -13.672 -12.896 -12.010 
3.10 -1.925 -6.400 -9.688 -11.839 -13.343 -13.419 -13.642 -12.881 -12.102 
3.20 -1.560 -6.167 -9.549 -11.742 -13.285 -13.368 -13.608 -12.860 -12.187 
3.30 -0.962 -5.916 -9.409 -11.643 -13.229 -13.317 -13.571 -12.838 -12.271 
3.40 -0.233 -5.658 -9.269 -11.543 -13.175 -13.267 -13.534 -12.817 -12.357 
3.50 0.427 -5.406 -9.127 -11.443 -13.119 -13.216 -13.497 -12.795 -12.442 
3.60 1.009 -5.167 -8.976 -11.339 -13.061 -13.163 -13.457 -12.771 -12.526 
3.70 1.210 -4.931 -8.818 -11.231 -13.001 -13.107 -13.415 -12.748 -12.607 
3.80 1.178 -4.693 -8.658 -11.122 -12.940 -13.051 -13.373 -12.725 -12.689 
3.90 1.210 -4.455 -8.496 -11.013 -12.879 -12.995 -13.331 -12.704 -12.770 
4.00 1.373 -4.211 -8.326 -10.901 -12.812 -12.933 -13.285 -12.682 -12.843 
4.10 nan -3.968 -8.153 -10.785 -12.737 -12.865 -13.237 -12.663 -12.906 
4.20 nan -3.746 -7.981 -10.668 -12.658 -12.794 -13.189 -12.647 -12.964 
4.30 nan -3.523 -7.809 -10.552 -12.580 -12.724 -13.141 -12.632 -13.022 
4.40 nan -3.282 -7.640 -10.437 -12.499 -12.651 -13.092 -12.618 -13.077 
4.50 nan -3.028 -7.474 -10.321 -12.416 -12.576 -13.042 -12.607 -13.128 
4.60 nan -2.790 -7.309 -10.203 -12.326 -12.495 -12.987 -12.593 -13.166 
4.70 nan -2.565 -7.146 -10.086 -12.231 -12.410 -12.931 -12.577 -13.196 
4.80 nan -2.342 -6.982 -9.969 -12.138 -12.326 -12.874 -12.562 -13.227 
4.90 nan -2.138 -6.823 -9.855 -12.044 -12.243 -12.818 -12.548 -13.258 
5.00 nan -1.993 -6.668 -9.740 -11.944 -12.153 -12.759 -12.534 -13.273 
5.10 nan -1.858 -6.519 -9.628 -11.843 -12.062 -12.700 -12.523 -13.283 
5.20 nan -1.738 -6.373 -9.518 -11.742 -11.972 -12.641 -12.511 -13.291 
5.30 nan -1.634 -6.232 -9.410 -11.641 -11.881 -12.581 -12.499 -13.299 
5.40 nan -1.531 -6.091 -9.303 -11.540 -11.791 -12.522 -12.487 -13.306 
5.50 nan -1.445 -5.947 -9.197 -11.441 -11.702 -12.463 -12.475 -13.314 
5.60 nan -1.379 -5.795 -9.093 -11.343 -11.614 -12.404 -12.462 -13.321 
5.70 nan -1.294 -5.637 -8.993 -11.245 -11.527 -12.344 -12.448 -13.327 
5.80 nan -1.142 -5.478 -8.900 -11.151 -11.441 -12.283 -12.432 -13.333 
5.90 nan -0.966 -5.325 -8.809 -11.059 -11.357 -12.222 -12.416 -13.339 
6.00 nan -0.791 -5.171 -8.718 -10.968 -11.273 -12.161 -12.399 -13.345 
6.10 nan -0.617 -5.019 -8.628 -10.876 -11.190 -12.100 -12.383 -13.351 
6.20 nan -0.400 -4.880 -8.539 -10.787 -11.108 -12.040 -12.368 -13.356 
6.30 nan -0.224 -4.775 -8.453 -10.701 -11.028 -11.978 -12.348 -13.356 
6.40 nan -0.084 -4.688 -8.368 -10.616 -10.949 -11.915 -12.329 -13.356 
6.50 nan 0.058 -4.615 -8.282 -10.532 -10.870 -11.853 -12.308 -13.355 
6.60 nan 0.199 -4.547 -8.196 -10.449 -10.793 -11.791 -12.287 -13.354 
6.70 nan 0.340 -4.481 -8.110 -10.366 -10.715 -11.730 -12.266 -13.354 
6.80 nan 0.479 -4.415 -8.025 -10.284 -10.638 -11.668 -12.246 -13.354 
6.90 nan nan -4.354 -7.939 -10.201 -10.561 -11.608 -12.225 -13.353 
7.00 nan nan -4.302 -7.852 -10.117 -10.483 -11.546 -12.201 -13.350 
7.10 nan nan -4.237 -7.766 -10.033 -10.405 -11.486 -12.174 -13.347 
7.20 nan nan -4.172 -7.679 -9.949 -10.327 -11.426 -12.148 -13.343 
7.30 nan nan -4.113 -7.592 -9.866 -10.251 -11.369 -12.120 -13.339 
7.40 nan nan -4.059 -7.504 -9.783 -10.174 -11.312 -12.091 -13.334 
7.50 nan nan -4.006 -7.416 -9.700 -10.098 -11.255 -12.063 -13.329 
7.60 nan nan -3.953 -7.328 -9.617 -10.022 -11.198 -12.034 -13.324 
7.70 nan nan -3.899 -7.242 -9.535 -9.946 -11.142 -12.006 -13.319 
7.80 nan nan -3.842 -7.161 -9.453 -9.871 -11.088 -11.978 -13.315 
7.90 nan nan -3.797 -7.084 -9.371 -9.797 -11.034 -11.949 -13.309 
8.00 nan nan -3.772 -7.006 -9.290 -9.723 -10.981 -11.920 -13.304 
8.10 nan nan -3.756 -6.929 -9.207 -9.648 -10.928 -11.891 -13.298 
8.20 nan nan -3.747 -6.856 -9.124 -9.573 -10.875 -11.861 -13.290 
8.30 nan nan -3.739 -6.787 -9.042 -9.498 -10.824 -11.832 -13.283 
8.40 nan nan -3.731 -6.719 -8.959 -9.424 -10.772 -11.802 -13.275 
8.50 nan nan -3.723 -6.650 -8.877 -9.349 -10.721 -11.773 -13.268 
8.60 nan nan -3.716 -6.582 -8.795 -9.275 -10.670 -11.744 -13.260 
8.70 nan nan -3.713 -6.512 -8.716 -9.203 -10.620 -11.715 -13.253 
8.80 nan nan -3.714 -6.442 -8.639 -9.134 -10.572 -11.687 -13.245 
8.90 nan nan -3.703 -6.375 -8.563 -9.065 -10.524 -11.659 -13.237 
9.00 nan nan -3.688 -6.310 -8.487 -8.997 -10.477 -11.630 -13.228 
9.10 nan nan -3.668 -6.251 -8.414 -8.930 -10.432 -11.603 -13.219 
9.20 nan nan -3.645 -6.193 -8.341 -8.865 -10.389 -11.575 -13.210 
9.30 nan nan -3.621 -6.135 -8.269 -8.801 -10.346 -11.547 -13.200 
9.40 nan nan -3.598 -6.077 -8.196 -8.736 -10.304 -11.520 -13.190 
9.50 nan nan -3.574 -6.019 -8.124 -8.672 -10.262 -11.493 -13.181 
9.60 nan nan -3.551 -5.961 -8.053 -8.608 -10.220 -11.466 -13.172 
9.70 nan nan -3.527 -5.905 -7.981 -8.544 -10.179 -11.439 -13.163 
9.80 nan nan -3.502 -5.855 -7.909 -8.480 -10.138 -11.413 -13.154 
9.90 nan nan -3.484 -5.812 -7.840 -8.419 -10.102 -11.389 -13.146 
10.00 nan nan -3.478 -5.774 -7.773 -8.361 -10.070 -11.366 -13.138 
10.10 nan nan -3.474 -5.738 -7.707 -8.304 -10.039 -11.343 -13.131 
10.20 nan nan -3.475 -5.704 -7.646 -8.251 -10.010 -11.321 -13.123 
10.30 nan nan -3.481 -5.674 -7.589 -8.202 -9.983 -11.299 -13.115 
10.40 nan nan -3.487 -5.648 -7.537 -8.157 -9.958 -11.278 -13.108 
10.50 nan nan -3.495 -5.622 -7.485 -8.112 -9.933 -11.256 -13.101 
10.60 nan nan -3.502 -5.596 -7.433 -8.067 -9.908 -11.235 -13.094 
10.70 nan nan -3.509 -5.571 -7.382 -8.022 -9.883 -11.214 -13.086 
10.80 nan nan -3.516 -5.546 -7.330 -7.977 -9.858 -11.193 -13.080 
10.90 nan nan -3.524 -5.521 -7.280 -7.934 -9.834 -11.173 -13.073 
11.00 nan nan -3.532 -5.498 -7.234 -7.894 -9.812 -11.152 -13.066 
11.10 nan nan -3.537 -5.482 -7.191 -7.856 -9.791 -11.132 -13.058 
11.20 nan nan -3.532 -5.468 -7.153 -7.823 -9.771 -11.112 -13.050 
11.30 nan nan -3.526 -5.455 -7.115 -7.790 -9.751 -11.091 -13.041 
11.40 nan nan -3.517 -5.445 -7.080 -7.759 -9.732 -11.072 -13.033 
11.50 nan nan -3.505 -5.437 -7.048 -7.731 -9.713 -11.052 -13.024 
11.60 nan nan -3.491 -5.433 -7.018 -7.704 -9.696 -11.034 -13.014 
11.70 nan nan -3.478 -5.429 -6.989 -7.677 -9.679 -11.016 -13.005 
11.80 nan nan -3.464 -5.425 -6.959 -7.651 -9.662 -10.998 -12.995 
11.90 nan nan -3.451 -5.422 -6.929 -7.625 -9.646 -10.980 -12.986 
12.00 nan nan -3.438 -5.418 -6.900 -7.599 -9.629 -10.962 -12.977 
12.10 nan nan nan nan nan nan nan nan nan 
12.20 nan nan nan nan nan nan nan nan nan 
12.30 nan nan nan nan nan nan nan nan nan 
12.40 nan nan nan nan nan nan nan nan nan 
12.50 nan nan nan nan nan nan nan nan nan 
12.60 nan nan nan nan nan nan nan nan nan 
12.70 nan nan nan nan nan nan nan nan nan 
12.80 nan nan nan nan nan nan nan nan nan 
12.90 nan nan nan nan nan nan nan nan nan 
13.00 nan nan nan nan nan nan nan nan nan 
13.10 nan nan nan nan nan nan nan nan nan 
13.20 nan nan nan nan nan nan nan nan nan 
13.30 nan nan nan nan nan nan nan nan nan 
13.40 nan nan nan nan nan nan nan nan nan 
13.50 nan nan nan nan nan nan nan nan nan 
13.60 nan nan nan nan nan nan nan nan nan 
13.70 nan nan nan nan nan nan nan nan nan 
13.80 nan nan nan nan nan nan nan nan nan 
13.90 nan nan nan nan nan nan nan nan nan 
14.00 nan nan nan nan nan nan nan nan nan 
