# t[days] u g r i z y J H K
0.10 nan nan nan nan nan nan nan nan nan 
0.20 nan nan nan nan nan nan nan nan nan 
0.30 nan nan nan nan nan nan nan nan nan 
0.40 nan nan nan nan nan nan nan nan nan 
0.50 nan nan nan nan nan nan nan nan nan 
0.60 nan nan nan nan nan nan nan nan nan 
0.70 nan nan nan nan nan nan nan nan nan 
0.80 nan nan nan nan nan nan nan nan nan 
0.90 nan nan nan nan nan nan nan nan nan 
1.00 nan nan nan nan nan nan nan nan nan 
1.10 nan nan nan nan nan nan nan nan nan 
1.20 nan nan nan nan nan nan nan nan nan 
1.30 nan nan nan nan nan nan nan nan nan 
1.40 nan nan nan nan nan nan nan nan nan 
1.50 nan nan nan nan nan nan nan nan nan 
1.60 nan nan nan nan nan nan nan nan nan 
1.70 nan nan nan nan nan nan nan nan nan 
1.80 nan nan nan nan nan nan nan nan nan 
1.90 nan nan nan nan nan nan nan nan nan 
2.00 nan nan nan nan nan nan nan nan nan 
2.10 -12.432 -13.145 -13.595 -14.052 -14.268 -14.006 -13.246 -12.507 -11.731 
2.20 -12.306 -13.087 -13.566 -14.035 -14.275 -13.990 -13.163 -12.301 -11.524 
2.30 -12.183 -13.031 -13.540 -14.021 -14.284 -13.977 -13.083 -12.097 -11.319 
2.40 -12.038 -12.958 -13.500 -13.994 -14.290 -13.978 -13.071 -11.902 -11.024 
2.50 -11.888 -12.882 -13.459 -13.966 -14.298 -13.985 -13.078 -11.710 -10.708 
2.60 -11.741 -12.808 -13.419 -13.941 -14.307 -13.994 -13.087 -11.521 -10.393 
2.70 -11.568 -12.711 -13.365 -13.908 -14.304 -14.001 -13.120 -11.424 -10.156 
2.80 -11.388 -12.608 -13.309 -13.873 -14.300 -14.008 -13.162 -11.358 -9.946 
2.90 -11.210 -12.507 -13.253 -13.841 -14.297 -14.017 -13.206 -11.293 -9.736 
3.00 -11.029 -12.392 -13.187 -13.801 -14.287 -14.022 -13.251 -11.320 -9.654 
3.10 -10.849 -12.272 -13.116 -13.760 -14.276 -14.026 -13.298 -11.384 -9.621 
3.20 -10.670 -12.153 -13.047 -13.720 -14.266 -14.031 -13.347 -11.449 -9.590 
3.30 -10.507 -12.030 -12.970 -13.673 -14.250 -14.029 -13.386 -11.535 -9.629 
3.40 -10.353 -11.905 -12.889 -13.622 -14.231 -14.024 -13.422 -11.632 -9.701 
3.50 -10.200 -11.782 -12.810 -13.572 -14.213 -14.020 -13.458 -11.729 -9.774 
3.60 -10.042 -11.654 -12.720 -13.514 -14.188 -14.010 -13.493 -11.823 -9.853 
3.70 -9.882 -11.524 -12.626 -13.452 -14.159 -13.997 -13.527 -11.916 -9.937 
3.80 -9.723 -11.396 -12.532 -13.391 -14.130 -13.985 -13.562 -12.009 -10.021 
3.90 -9.576 -11.265 -12.441 -13.325 -14.098 -13.968 -13.590 -12.087 -10.106 
4.00 -9.437 -11.132 -12.351 -13.257 -14.063 -13.948 -13.615 -12.157 -10.192 
4.10 -9.298 -11.001 -12.262 -13.190 -14.028 -13.929 -13.640 -12.227 -10.279 
4.20 -9.163 -10.870 -12.175 -13.121 -13.992 -13.907 -13.662 -12.290 -10.365 
4.30 -9.031 -10.740 -12.088 -13.051 -13.955 -13.885 -13.682 -12.347 -10.450 
4.40 -8.899 -10.610 -12.003 -12.983 -13.918 -13.863 -13.703 -12.405 -10.536 
4.50 -8.760 -10.489 -11.917 -12.915 -13.878 -13.837 -13.718 -12.450 -10.610 
4.60 -8.615 -10.373 -11.832 -12.849 -13.836 -13.809 -13.729 -12.483 -10.675 
4.70 -8.470 -10.259 -11.748 -12.783 -13.795 -13.781 -13.741 -12.517 -10.741 
4.80 -8.328 -10.146 -11.665 -12.721 -13.754 -13.753 -13.749 -12.549 -10.802 
4.90 -8.187 -10.036 -11.583 -12.661 -13.713 -13.723 -13.755 -12.579 -10.859 
5.00 -8.047 -9.926 -11.503 -12.602 -13.672 -13.695 -13.761 -12.609 -10.916 
5.10 -7.910 -9.818 -11.424 -12.547 -13.630 -13.664 -13.762 -12.635 -10.965 
5.20 -7.775 -9.713 -11.347 -12.497 -13.588 -13.632 -13.758 -12.658 -11.006 
5.30 -7.641 -9.609 -11.271 -12.447 -13.547 -13.600 -13.755 -12.681 -11.047 
5.40 -7.509 -9.504 -11.196 -12.400 -13.509 -13.570 -13.750 -12.700 -11.087 
5.50 -7.377 -9.397 -11.121 -12.356 -13.474 -13.543 -13.743 -12.715 -11.125 
5.60 -7.246 -9.290 -11.047 -12.312 -13.439 -13.515 -13.736 -12.730 -11.163 
5.70 -7.116 -9.182 -10.974 -12.272 -13.409 -13.490 -13.727 -12.740 -11.199 
5.80 -6.988 -9.070 -10.902 -12.237 -13.384 -13.468 -13.714 -12.742 -11.232 
5.90 -6.861 -8.958 -10.831 -12.202 -13.359 -13.447 -13.702 -12.744 -11.265 
6.00 -6.737 -8.849 -10.759 -12.167 -13.335 -13.426 -13.688 -12.747 -11.299 
6.10 -6.619 -8.742 -10.687 -12.132 -13.311 -13.404 -13.674 -12.750 -11.334 
6.20 -6.501 -8.635 -10.615 -12.096 -13.287 -13.383 -13.661 -12.753 -11.369 
6.30 -6.400 -8.534 -10.541 -12.058 -13.263 -13.360 -13.643 -12.757 -11.406 
6.40 -6.333 -8.447 -10.462 -12.014 -13.237 -13.334 -13.617 -12.762 -11.448 
6.50 -6.266 -8.360 -10.383 -11.969 -13.211 -13.309 -13.591 -12.767 -11.491 
6.60 -6.200 -8.274 -10.304 -11.925 -13.186 -13.283 -13.566 -12.772 -11.533 
6.70 -6.133 -8.188 -10.226 -11.882 -13.161 -13.258 -13.541 -12.778 -11.576 
6.80 -6.067 -8.102 -10.148 -11.838 -13.136 -13.234 -13.516 -12.784 -11.619 
6.90 -6.004 -8.017 -10.074 -11.795 -13.110 -13.208 -13.493 -12.788 -11.663 
7.00 -5.948 -7.934 -10.012 -11.751 -13.079 -13.179 -13.471 -12.787 -11.706 
7.10 -5.891 -7.852 -9.949 -11.707 -13.048 -13.151 -13.449 -12.787 -11.750 
7.20 -5.837 -7.770 -9.889 -11.662 -13.016 -13.122 -13.428 -12.786 -11.794 
7.30 -5.785 -7.690 -9.834 -11.618 -12.983 -13.092 -13.408 -12.782 -11.839 
7.40 -5.734 -7.609 -9.779 -11.574 -12.949 -13.062 -13.389 -12.779 -11.884 
7.50 -5.683 -7.529 -9.725 -11.530 -12.916 -13.032 -13.370 -12.776 -11.929 
7.60 -5.633 -7.449 -9.671 -11.486 -12.882 -13.002 -13.350 -12.773 -11.974 
7.70 -5.582 -7.370 -9.617 -11.443 -12.850 -12.973 -13.332 -12.771 -12.019 
7.80 -5.525 -7.294 -9.562 -11.399 -12.816 -12.943 -13.313 -12.768 -12.064 
7.90 -5.429 -7.242 -9.503 -11.351 -12.779 -12.911 -13.296 -12.765 -12.103 
8.00 -5.334 -7.190 -9.444 -11.304 -12.742 -12.879 -13.279 -12.762 -12.143 
8.10 -5.237 -7.139 -9.385 -11.256 -12.705 -12.847 -13.262 -12.759 -12.183 
8.20 -5.134 -7.092 -9.325 -11.208 -12.667 -12.815 -13.245 -12.756 -12.223 
8.30 -5.032 -7.045 -9.265 -11.160 -12.630 -12.783 -13.229 -12.753 -12.262 
8.40 -4.929 -6.998 -9.206 -11.112 -12.592 -12.751 -13.213 -12.751 -12.302 
8.50 -4.827 -6.952 -9.147 -11.065 -12.555 -12.720 -13.197 -12.749 -12.342 
8.60 -4.725 -6.905 -9.088 -11.017 -12.519 -12.688 -13.181 -12.747 -12.382 
8.70 -4.625 -6.859 -9.030 -10.970 -12.482 -12.657 -13.165 -12.745 -12.421 
8.80 -4.558 -6.797 -8.978 -10.925 -12.443 -12.623 -13.148 -12.741 -12.452 
8.90 -4.491 -6.736 -8.926 -10.880 -12.404 -12.590 -13.130 -12.738 -12.483 
9.00 -4.424 -6.675 -8.874 -10.835 -12.365 -12.556 -13.113 -12.735 -12.514 
9.10 -4.371 -6.609 -8.826 -10.791 -12.326 -12.522 -13.094 -12.732 -12.541 
9.20 -4.317 -6.542 -8.777 -10.747 -12.286 -12.488 -13.076 -12.729 -12.569 
9.30 -4.264 -6.476 -8.728 -10.703 -12.247 -12.455 -13.059 -12.726 -12.596 
9.40 -4.211 -6.410 -8.680 -10.659 -12.208 -12.421 -13.041 -12.723 -12.624 
9.50 -4.158 -6.344 -8.632 -10.615 -12.169 -12.388 -13.023 -12.721 -12.652 
9.60 -4.105 -6.278 -8.584 -10.572 -12.130 -12.354 -13.006 -12.718 -12.680 
9.70 -4.051 -6.210 -8.533 -10.528 -12.091 -12.320 -12.987 -12.716 -12.707 
9.80 -3.997 -6.141 -8.482 -10.485 -12.052 -12.286 -12.968 -12.713 -12.734 
9.90 -3.942 -6.073 -8.431 -10.441 -12.013 -12.253 -12.949 -12.711 -12.761 
10.00 -3.880 -5.992 -8.369 -10.396 -11.972 -12.215 -12.924 -12.708 -12.781 
10.10 -3.817 -5.910 -8.305 -10.350 -11.930 -12.178 -12.897 -12.705 -12.800 
10.20 -3.754 -5.828 -8.241 -10.305 -11.889 -12.141 -12.871 -12.702 -12.820 
10.30 -3.691 -5.746 -8.178 -10.260 -11.848 -12.103 -12.845 -12.699 -12.840 
10.40 -3.629 -5.664 -8.114 -10.214 -11.807 -12.066 -12.819 -12.697 -12.860 
10.50 -3.566 -5.582 -8.051 -10.170 -11.766 -12.029 -12.793 -12.694 -12.880 
10.60 -3.504 -5.501 -7.988 -10.125 -11.726 -11.993 -12.768 -12.692 -12.900 
10.70 -3.442 -5.420 -7.925 -10.080 -11.685 -11.956 -12.742 -12.690 -12.920 
10.80 -3.380 -5.338 -7.862 -10.035 -11.645 -11.919 -12.717 -12.687 -12.940 
10.90 -3.247 -5.257 -7.796 -9.989 -11.601 -11.880 -12.690 -12.686 -12.959 
11.00 -3.097 -5.176 -7.729 -9.942 -11.557 -11.840 -12.663 -12.684 -12.978 
11.10 -2.947 -5.095 -7.662 -9.896 -11.513 -11.801 -12.636 -12.683 -12.997 
11.20 -2.570 -5.014 -7.584 -9.844 -11.460 -11.753 -12.604 -12.683 -13.011 
11.30 -2.125 -4.933 -7.503 -9.790 -11.403 -11.702 -12.571 -12.683 -13.024 
11.40 -1.679 -4.852 -7.422 -9.737 -11.346 -11.652 -12.538 -12.683 -13.036 
11.50 -1.234 -4.772 -7.342 -9.683 -11.290 -11.601 -12.505 -12.683 -13.049 
11.60 -0.788 -4.691 -7.261 -9.630 -11.234 -11.551 -12.473 -12.684 -13.062 
11.70 -0.343 -4.610 -7.180 -9.577 -11.178 -11.501 -12.440 -12.684 -13.075 
11.80 0.102 -4.530 -7.100 -9.523 -11.121 -11.451 -12.407 -12.685 -13.088 
11.90 0.547 -4.450 -7.020 -9.470 -11.065 -11.401 -12.375 -12.686 -13.102 
12.00 0.993 -4.369 -6.939 -9.417 -11.009 -11.351 -12.343 -12.686 -13.115 
12.10 1.437 -4.289 -6.859 -9.364 -10.954 -11.301 -12.310 -12.687 -13.128 
12.20 1.882 -4.209 -6.779 -9.312 -10.898 -11.251 -12.278 -12.688 -13.142 
12.30 2.327 -4.129 -6.699 -9.259 -10.842 -11.202 -12.246 -12.689 -13.156 
12.40 nan -4.042 -6.621 -9.204 -10.786 -11.152 -12.214 -12.689 -13.164 
12.50 nan -3.951 -6.543 -9.148 -10.730 -11.102 -12.181 -12.688 -13.169 
12.60 nan -3.860 -6.466 -9.092 -10.674 -11.052 -12.149 -12.688 -13.174 
12.70 nan -3.767 -6.389 -9.036 -10.618 -11.002 -12.117 -12.687 -13.178 
12.80 nan -3.673 -6.312 -8.979 -10.562 -10.952 -12.084 -12.685 -13.181 
12.90 nan -3.578 -6.235 -8.922 -10.506 -10.902 -12.052 -12.684 -13.183 
13.00 nan -3.484 -6.159 -8.866 -10.450 -10.852 -12.020 -12.683 -13.186 
13.10 nan -3.390 -6.083 -8.809 -10.394 -10.802 -11.988 -12.682 -13.189 
13.20 nan -3.295 -6.006 -8.753 -10.338 -10.752 -11.956 -12.681 -13.192 
13.30 nan -3.201 -5.930 -8.696 -10.282 -10.702 -11.924 -12.680 -13.195 
13.40 nan -3.107 -5.854 -8.640 -10.227 -10.653 -11.892 -12.679 -13.198 
13.50 nan -3.013 -5.778 -8.584 -10.171 -10.603 -11.860 -12.678 -13.202 
13.60 nan -2.920 -5.702 -8.528 -10.115 -10.554 -11.828 -12.678 -13.205 
13.70 nan -2.826 -5.626 -8.471 -10.060 -10.505 -11.797 -12.677 -13.208 
13.80 nan -2.732 -5.550 -8.415 -10.005 -10.455 -11.765 -12.676 -13.212 
13.90 nan -2.580 -5.471 -8.353 -9.952 -10.408 -11.733 -12.673 -13.213 
14.00 nan -2.356 -5.388 -8.283 -9.902 -10.362 -11.700 -12.665 -13.213 
