# t[days] g-band  r-band i-band  z-band  w-band
0.47500 -7.850 -9.424 -10.506 -11.062 -11.404 
0.72500 -8.142 -10.090 -11.504 -12.058 -12.753 
0.97500 -7.610 -9.977 -11.722 -12.308 -13.110 
1.22500 -7.399 -9.929 -11.758 -12.455 -13.158 
1.47500 -7.060 -9.726 -11.634 -12.443 -13.134 
1.72500 -7.059 -9.569 -11.514 -12.512 -12.992 
1.97500 -7.231 -9.573 -11.494 -12.356 -12.878 
2.22500 -6.755 -9.508 -11.277 -12.303 -12.757 
2.47500 -6.928 -9.467 -11.155 -12.186 -12.683 
2.72500 -6.899 -9.368 -10.998 -12.002 -12.501 
2.97500 -6.900 -9.205 -10.836 -11.896 -12.321 
3.22500 -6.865 -9.098 -10.667 -11.688 -12.126 
3.47500 -6.756 -9.071 -10.617 -11.558 -11.972 
3.72500 -6.706 -8.976 -10.443 -11.414 -11.872 
3.97500 -6.795 -8.928 -10.335 -11.243 -11.630 
4.22500 -6.805 -8.833 -10.233 -11.022 -11.413 
4.47500 -6.799 -8.809 -10.050 -10.867 -11.253 
4.72500 -6.724 -8.657 -9.967 -10.733 -10.996 
4.97500 -6.805 -8.685 -9.844 -10.528 -10.904 
5.22500 -6.676 -8.540 -9.772 -10.446 -10.645 
5.47500 -6.637 -8.490 -9.727 -10.266 -10.503 
5.72500 -6.697 -8.458 -9.632 -10.180 -10.330 
5.97500 -6.724 -8.482 -9.562 -10.002 -10.151 
6.22500 -6.596 -8.449 -9.494 -9.955 -10.012 
6.47500 -6.660 -8.357 -9.391 -9.800 -9.813 
6.72500 -6.568 -8.334 -9.303 -9.706 -9.720 
6.97500 -6.667 -8.305 -9.269 -9.612 -9.685 
7.22500 -6.587 -8.287 -9.202 -9.569 -9.407 
7.47500 -6.596 -8.208 -9.147 -9.472 -9.306 
7.72500 -6.618 -8.240 -9.120 -9.396 -9.289 
7.97500 -6.538 -8.208 -8.972 -9.296 -9.112 
8.22500 -6.559 -8.262 -9.013 -9.278 -9.116 
8.47500 -6.556 -8.209 -8.856 -9.191 -8.976 
8.72500 -6.481 -8.177 -8.886 -9.050 -8.868 
8.97500 -6.454 -8.198 -8.827 -9.018 -8.749 
9.22500 -6.456 -8.166 -8.800 -8.995 -8.772 
9.47500 -6.449 -8.154 -8.701 -8.967 -8.654 
9.72500 -6.434 -8.192 -8.702 -8.853 -8.582 
9.97500 -6.379 -8.127 -8.675 -8.824 -8.577 
10.22500 -6.327 -8.098 -8.605 -8.677 -8.442 
10.47500 -6.320 -8.110 -8.576 -8.676 -8.473 
10.72500 -6.252 -8.058 -8.478 -8.633 -8.433 
10.97500 -6.261 -8.084 -8.495 -8.581 -8.323 
11.22500 -6.239 -8.034 -8.473 -8.539 -8.248 
11.47500 -6.175 -8.088 -8.458 -8.399 -8.158 
11.72454 -6.107 -8.045 -8.395 -8.379 -8.134 
11.97454 -6.143 -8.025 -8.397 -8.380 -8.082 
12.22454 -6.098 -7.990 -8.319 -8.359 -8.004 
12.47454 -5.878 -8.000 -8.404 -8.315 -7.935 
12.72454 -6.113 -7.969 -8.332 -8.204 -7.829 
12.97454 -6.008 -7.952 -8.290 -8.224 -7.789 
13.22454 -6.003 -7.938 -8.246 -8.192 -7.678 
13.47454 -6.024 -7.986 -8.224 -8.104 -7.688 
13.72454 -5.922 -7.890 -8.180 -8.067 -7.823 
13.97454 -5.926 -7.897 -8.173 -7.992 -7.665 
14.22454 -5.869 -7.878 -8.125 -7.978 -7.594 
14.47454 -5.834 -7.851 -8.111 -7.996 -7.530 
14.72454 -5.779 -7.808 -8.096 -7.837 -7.504 
14.97454 -5.812 -7.798 -8.088 -7.875 -7.364 
15.22454 -5.701 -7.790 -7.998 -7.787 -7.291 
15.47454 -5.707 -7.755 -7.973 -7.756 -7.310 
15.72454 -5.677 -7.757 -7.996 -7.703 -7.238 
15.97454 -5.741 -7.681 -7.933 -7.678 -7.210 
16.22454 -5.605 -7.698 -7.941 -7.644 -7.218 
16.47454 -5.547 -7.668 -7.822 -7.663 -7.214 
16.72454 -5.515 -7.674 -7.800 -7.595 -7.167 
16.97454 -5.516 -7.617 -7.808 -7.553 -6.985 
17.22454 -5.535 -7.598 -7.742 -7.575 -7.155 
17.47454 -5.351 -7.569 -7.761 -7.452 -6.963 
17.72454 -5.416 -7.518 -7.700 -7.376 -6.950 
17.97454 -5.343 -7.500 -7.733 -7.408 -6.949 
18.22454 -5.318 -7.469 -7.626 -7.397 -6.820 
18.47454 -5.251 -7.477 -7.625 -7.404 -6.786 
18.72454 -5.273 -7.444 -7.549 -7.287 -6.869 
18.97454 -5.259 -7.379 -7.513 -7.315 -6.784 
19.22454 -5.171 -7.369 -7.573 -7.185 -6.821 
19.47454 -5.090 -7.351 -7.496 -7.192 -6.734 
19.72454 -5.103 -7.300 -7.456 -7.135 -6.715 
19.97454 -5.005 -7.273 -7.461 -7.073 -6.654 
20.22454 -5.062 -7.250 -7.439 -7.093 -6.459 
20.47454 -4.974 -7.224 -7.368 -6.982 -6.394 
20.72454 -4.966 -7.242 -7.342 -6.987 -6.378 
20.97454 -4.987 -7.183 -7.274 -6.902 -6.298 
21.22454 -4.861 -7.179 -7.311 -6.906 -6.439 
21.47454 -4.855 -7.133 -7.230 -6.767 -6.300 
21.72454 -4.856 -7.103 -7.218 -6.819 -6.433 
21.97454 -4.761 -7.075 -7.119 -6.801 -6.249 
22.22454 -4.781 -7.031 -7.224 -6.739 -6.211 
22.47454 -4.727 -6.982 -7.132 -6.723 -6.203 
22.72454 -4.622 -6.990 -7.104 -6.625 -6.144 
22.97454 -4.618 -6.957 -7.037 -6.656 -6.046 
23.22454 -4.587 -6.904 -7.070 -6.551 -6.031 
23.47454 -4.528 -6.879 -7.021 -6.517 -5.957 
23.72454 -4.474 -6.860 -7.001 -6.447 -5.921 
23.97454 -4.343 -6.828 -6.926 -6.402 -5.925 
24.22454 -4.450 -6.782 -6.928 -6.262 -5.684 
24.47454 -4.332 -6.762 -6.878 -6.342 -5.717 
24.72454 -4.353 -6.784 -6.899 -6.266 -5.727 
24.97454 -4.294 -6.682 -6.830 -6.260 -5.662 
25.22454 -4.235 -6.654 -6.798 -6.117 -5.675 
25.47454 -4.122 -6.558 -6.728 -6.148 -5.636 
25.72454 -4.084 -6.582 -6.737 -6.148 -5.651 
25.97454 -4.181 -6.568 -6.658 -6.041 -5.446 
26.22454 -4.100 -6.522 -6.566 -5.975 -5.318 
26.47454 -4.080 -6.503 -6.652 -5.999 -5.445 
26.72454 -4.048 -6.492 -6.616 -5.933 -5.185 
26.97454 -3.987 -6.428 -6.493 -5.851 -5.228 
27.22454 -3.926 -6.381 -6.509 -5.880 -5.279 
27.47454 -3.786 -6.358 -6.439 -5.822 -5.082 
27.72454 -3.891 -6.350 -6.427 -5.769 -5.087 
27.97454 -3.746 -6.266 -6.428 -5.719 -5.008 
28.22454 -3.679 -6.220 -6.349 -5.702 -5.106 
28.47454 -3.739 -6.205 -6.312 -5.576 -4.894 
28.72454 -3.728 -6.136 -6.284 -5.531 -4.739 
28.97454 -3.615 -6.069 -6.264 -5.560 -4.828 
29.22454 -3.575 -6.062 -6.236 -5.459 -4.741 
29.47454 -3.473 -6.022 -6.194 -5.381 -4.761 
29.72454 -3.518 -6.013 -6.120 -5.307 -4.462 
29.97454 -3.445 -5.962 -6.052 -5.380 -4.645 
30.22454 -3.341 -5.923 -6.003 -5.211 -4.497 
30.47454 -3.314 -5.857 -5.996 -5.215 -4.477 
30.72454 -3.262 -5.879 -5.977 -5.230 -4.661 
30.97454 -3.134 -5.781 -5.922 -5.158 -4.264 
31.22454 -3.209 -5.761 -5.842 -5.006 -4.296 
31.47454 -3.188 -5.695 -5.748 -4.937 -4.335 
31.72454 -3.036 -5.656 -5.727 -4.954 -3.987 
31.97454 -2.996 -5.592 -5.729 -4.851 -4.111 
32.22454 -2.922 -5.506 -5.591 -4.723 -3.897 
32.47454 -2.951 -5.510 -5.715 -4.640 -4.200 
32.72454 -2.895 -5.428 -5.513 -4.681 -3.788 
32.97454 -2.655 -5.399 -5.510 -4.614 -3.707 
33.22454 -2.562 -5.313 -5.463 -4.461 -3.578 
33.47454 -2.711 -5.259 -5.341 -4.439 -3.688 
33.72454 -2.526 -5.211 -5.319 -4.418 -3.669 
33.97454 -2.524 -5.196 -5.169 -4.201 -3.499 
34.22454 -2.372 -4.994 -5.153 -4.261 -3.421 
34.47454 -2.387 -5.014 -5.058 -4.247 -3.017 
34.72454 -2.095 -4.944 -5.074 -4.140 -2.971 
34.97454 -2.266 -4.890 -5.014 -3.840 -3.164 
35.22454 -2.045 -4.735 -4.806 -3.795 -3.047 
35.47454 -2.059 -4.690 -4.760 -3.903 -3.092 
35.72454 -1.997 -4.641 -4.818 -3.763 -2.952 
35.97454 -1.961 -4.461 -4.546 -3.607 -2.483 
36.22454 -1.585 -4.500 -4.535 -3.493 -3.042 
36.47454 -1.606 -4.333 -4.482 -3.334 -2.224 
36.72454 -1.387 -4.170 -4.382 -2.972 -2.443 
36.97454 -1.232 -4.066 -4.245 -2.924 -2.449 
37.22454 -1.110 -4.044 -3.971 -2.733 -2.269 
37.47454 -0.990 -3.745 -3.688 -2.586 -1.198 
37.72454 -0.762 -3.603 -3.554 -2.724 -1.615 
37.97454 -0.676 -3.351 -3.289 -2.380 -1.026 
38.22454 -0.312 -3.325 -3.084 -1.662 1.084 
38.47454 0.315 -2.877 -3.059 -1.611 -0.715 
38.72454 0.436 -2.461 -2.281 -0.597 -0.047 
38.97454 0.999 -2.340 -1.914 0.186 nan 
39.22454 1.242 -1.824 -1.414 1.379 nan 
39.47454 1.819 -1.571 -1.124 0.600 0.675 
39.72454 2.361 -1.145 -0.157 2.778 nan 
