INDEX,EXPID,RA,DEC,MJD,EXPTIME,FILTER,LIM-MAG,CUM-AREA,CUM-LIKELIHOOD
00000,TA016N42,16.97114,42.62052,57990.551722,30.0,o,19.07,30.06,00.00
00001,TA018N47,18.36575,47.63690,57990.553722,30.0,o,19.04,57.54,00.00
00002,TA015N37,15.74172,37.65619,57990.556220,30.0,o,19.10,84.98,00.00
00003,TA020N52,20.44447,52.67758,57990.559710,30.0,o,19.02,113.15,00.00
00004,TA016N42,16.96229,42.65759,57990.560209,30.0,o,19.09,113.36,00.00
00005,TA022N37,22.07115,37.63183,57990.561701,30.0,o,19.10,140.37,00.01
00006,TA018N47,18.35929,47.67338,57990.562207,30.0,o,19.10,140.42,00.01
00007,TA015N37,15.78195,37.63313,57990.564700,30.0,o,19.11,141.05,00.01
00008,TA023N42,23.75238,42.63104,57990.565712,30.0,o,19.08,166.34,00.02
00009,TA020N52,20.43875,52.71505,57990.568230,30.0,o,19.04,166.76,00.02
00010,TA016N42,17.00302,42.63485,57990.568728,30.0,o,19.09,166.76,00.02
00011,TA025N47,25.73520,47.65861,57990.569742,30.0,o,19.04,191.36,00.03
00012,TA022N37,22.05262,37.66930,57990.570249,30.0,o,19.06,191.36,00.03
00013,TA018N47,18.40021,47.65055,57990.570741,30.0,o,19.04,191.36,00.03
00014,TA015N37,15.79257,37.71067,57990.573277,30.0,o,19.03,191.57,00.03
00015,TA028N37,28.38140,37.63155,57990.573783,30.0,o,19.04,218.37,00.07
00016,TA023N42,23.74532,42.66808,57990.574299,30.0,o,19.04,218.37,00.07
00017,TA016N42,17.01436,42.71244,57990.577279,30.0,o,19.07,218.37,00.07
00018,TA030N42,30.54092,42.62810,57990.577778,30.0,o,18.98,243.81,00.11
00019,TA025N47,25.71979,47.69562,57990.578289,30.0,o,19.05,244.23,00.11
00020,TA022N37,22.09377,37.64647,57990.578795,30.0,o,19.10,244.23,00.11
00021,TA018N47,18.42222,47.72791,57990.579291,30.0,o,19.00,244.39,00.11
00022,TA028N37,28.37331,37.66864,57990.582282,30.0,o,19.08,244.39,00.11
00023,TA023N42,23.78621,42.64504,57990.582782,30.0,o,19.11,244.39,00.11
00024,TA033N47,33.09270,47.64619,57990.583784,30.0,o,19.08,269.78,00.15
00025,TA033N78,33.60015,78.16827,57990.585791,30.0,o,18.81,300.31,00.17
00026,TA030N42,30.52314,42.66499,57990.586287,30.0,o,19.09,300.31,00.17
00027,TA025N47,25.77052,47.67246,57990.586785,30.0,o,19.05,300.31,00.17
00028,TA022N37,22.10428,37.72377,57990.587284,30.0,o,19.07,300.31,00.17
00029,TA034N37,34.33967,37.78367,57990.587925,30.0,o,19.08,325.07,00.20
00030,TA028N37,28.41377,37.64510,57990.590602,30.0,o,19.06,325.07,00.20
00031,TA023N42,23.79697,42.72204,57990.591106,30.0,o,19.05,325.07,00.20
00032,TA033N47,32.62896,47.83535,57990.592235,30.0,o,19.02,326.12,00.20
00033,TA037N42,36.92570,42.77342,57990.594369,30.0,o,18.87,348.94,00.21
00034,TA030N42,30.17798,42.79464,57990.595359,30.0,o,18.95,348.94,00.21
00035,TA025N47,25.78075,47.75135,57990.596047,30.0,o,18.93,348.99,00.21
00036,TA034N37,34.32841,37.82380,57990.597370,30.0,o,19.08,348.99,00.21
00037,TA040N72,39.71786,73.02471,57990.599226,30.0,o,18.74,377.68,00.24
00038,TA028N37,28.42542,37.72566,57990.600433,30.0,o,19.08,377.68,00.24
00039,TA040N47,40.00304,47.78238,57990.601076,30.0,o,19.09,402.13,00.25
00040,TA033N47,32.67516,47.81560,57990.602073,30.0,o,19.12,402.13,00.25
00041,TA037N42,36.91363,42.81411,57990.603838,30.0,o,19.07,402.13,00.25
00042,TA033N78,33.70721,78.18408,57990.604480,30.0,o,18.73,402.44,00.25
00043,TA030N42,30.58488,42.72118,57990.604986,30.0,o,19.12,402.44,00.25
00044,TA045N67,44.10001,67.84302,57990.605622,30.0,o,18.95,431.13,00.29
00045,TA034N37,34.37248,37.80258,57990.606617,30.0,o,19.11,431.24,00.29
00046,TA040N72,39.71120,73.06504,57990.608384,30.0,o,19.00,431.29,00.29
00047,TA041N37,41.02445,37.63210,57990.609527,30.0,o,19.15,459.72,00.29
00048,TA040N47,40.45045,47.66636,57990.610041,30.0,o,18.98,461.72,00.29
00049,TA033N47,33.15514,47.74020,57990.611028,30.0,o,19.11,461.72,00.29
00050,TA056N77,54.32923,78.01139,57990.611722,30.0,o,18.93,484.53,00.31
00051,TA037N42,36.95827,42.79195,57990.612716,30.0,o,19.14,484.64,00.31
00052,TA045N67,44.09156,67.88124,57990.614493,30.0,o,19.04,484.80,00.31
00053,TA034N37,34.73678,37.73127,57990.615694,30.0,o,19.12,484.80,00.31
00054,TA040N72,39.81640,73.05324,57990.617321,30.0,o,19.01,484.90,00.31
00055,TA057N72,56.05322,72.81598,57990.617818,30.0,o,19.00,509.35,00.31
00056,TA041N37,40.65202,37.82139,57990.618339,30.0,o,19.20,509.87,00.31
00057,TA040N47,40.04506,47.79863,57990.618849,30.0,o,19.12,509.87,00.31
00058,TA044N42,44.12529,42.62620,57990.620037,30.0,o,19.04,535.68,00.32
00059,TA056N77,54.30858,78.04880,57990.620676,30.0,o,18.93,535.78,00.32
00060,TA037N42,37.37901,42.71821,57990.621831,30.0,o,19.07,535.78,00.32
00061,TA045N52,44.48658,52.82432,57990.623036,30.0,o,19.06,564.11,00.33
00062,TA045N67,44.18291,67.85945,57990.623527,30.0,o,19.01,564.53,00.33
00063,TA057N67,56.88337,67.71171,57990.624800,30.0,o,18.95,589.39,00.33
00064,TA040N72,40.99069,72.96614,57990.626463,30.0,o,18.85,589.60,00.33
00065,TA057N72,56.04962,72.85407,57990.627573,30.0,o,18.79,589.60,00.33
00066,TA041N37,40.69531,37.80118,57990.628434,30.0,o,18.96,589.60,00.33
00067,TA040N47,40.51362,47.72529,57990.629096,30.0,o,18.80,589.76,00.33
00068,TA047N47,47.81856,47.60554,57990.629593,30.0,o,18.79,614.99,00.33
00069,TA044N42,44.11695,42.66697,57990.630088,30.0,o,18.81,614.99,00.33
00070,TA056N77,54.50301,78.02705,57990.630719,30.0,o,18.42,615.15,00.33
00071,TA041N57,41.68619,57.77292,57990.631351,30.0,o,18.57,643.00,00.36
00072,TA050N57,50.15755,57.80363,57990.632460,30.0,o,18.52,666.98,00.36
00073,TA045N52,44.54516,52.80451,57990.632959,30.0,o,18.49,667.61,00.36
00074,TA045N67,44.21820,67.93934,57990.633464,30.0,o,18.26,667.61,00.36
00075,TA060N62,59.42642,62.72643,57990.633969,30.0,o,18.13,694.73,00.37
00076,TA057N67,56.87824,67.75189,57990.634464,30.0,o,18.07,694.73,00.37
00077,TA049N62,48.49904,62.82821,57990.634976,30.0,o,18.11,717.44,00.38
00078,TA057N72,56.17441,72.83247,57990.636993,30.0,o,17.60,717.65,00.38
00079,TA041N37,41.05891,37.72976,57990.637625,30.0,o,17.47,717.75,00.38
00080,TA047N47,47.35820,47.79894,57990.638754,30.0,o,17.54,718.12,00.38
00081,TA044N42,44.15938,42.64563,57990.639505,30.0,o,17.37,718.59,00.38
00082,TA050N57,50.22220,57.78202,57990.641732,30.0,o,17.14,718.91,00.38
00083,TA013N24,13.62894,24.63158,57991.567440,30.0,c,19.66,748.39,00.38
00084,TA018N20,18.54137,19.63026,57991.569119,30.0,c,19.62,778.24,00.38
00085,TA014N30,14.26949,29.63208,57991.569659,30.0,c,19.68,805.77,00.38
00086,TA015N34,15.26932,34.63304,57991.570158,30.0,c,19.64,820.83,00.38
00087,TA017N10,17.76283,9.62694,57991.570835,30.0,c,19.64,850.10,00.39
00088,TA017N15,17.98320,14.62840,57991.571345,30.0,c,19.65,874.86,00.39
00089,TA013N24,13.61786,24.65099,57991.577373,30.0,c,19.67,874.86,00.39
00090,TA015N34,15.25673,34.65442,57991.580515,30.0,c,19.68,874.91,00.39
00091,TA014N30,14.24731,29.65368,57991.581014,30.0,c,19.68,875.02,00.39
00092,TA014N30,14.28716,29.61358,57991.582028,30.0,c,19.68,875.07,00.39
00093,TA013N24,13.64725,24.61251,57991.583581,30.0,c,19.67,875.12,00.39
00094,TA018N20,18.52909,19.65154,57991.584806,30.0,c,19.64,875.23,00.39
00095,TA017N15,17.96917,14.65054,57991.588181,30.0,c,19.64,875.33,00.39
00096,TA023N15,23.12186,14.64055,57991.588692,30.0,c,19.64,901.72,00.40
00097,TA017N10,17.75102,9.64798,57991.589262,30.0,c,19.63,901.72,00.40
00098,TA022N10,22.83281,9.62785,57991.589780,30.0,c,19.64,926.79,00.41
00099,TA019N25,19.08001,24.64074,57991.590387,30.0,c,19.66,951.08,00.41
00100,TA019N30,19.97956,29.64174,57991.590893,30.0,c,19.67,975.78,00.42
00101,TA023N20,23.83153,19.64140,57991.591405,30.0,c,19.64,1001.17,00.43
00102,TA025N30,25.71212,29.66197,57991.591918,30.0,c,19.67,1027.82,00.45
00103,TA024N25,24.53176,24.65183,57991.592418,30.0,c,19.62,1050.74,00.47
00104,TA029N20,29.12434,19.65108,57991.592919,30.0,c,19.62,1078.18,00.48
00105,TA027N10,27.90504,9.63694,57991.593475,30.0,c,19.63,1105.40,00.48
00106,TA022N10,22.82377,9.64623,57991.593969,30.0,c,19.63,1105.40,00.48
00107,TA028N15,28.25541,14.64843,57991.594498,30.0,c,19.62,1127.64,00.48
00108,TA017N10,17.78280,9.60610,57991.595083,30.0,c,19.62,1127.85,00.48
00109,TA023N15,23.10374,14.65812,57991.595680,30.0,c,19.63,1127.85,00.48
00110,TA017N15,18.00240,14.60798,57991.596180,30.0,c,19.63,1127.85,00.48
00111,TA018N20,18.55946,19.61029,57991.599158,30.0,c,19.63,1127.85,00.48
00112,TA023N20,23.82095,19.66057,57991.599657,30.0,c,19.60,1127.85,00.48
00113,TA013N24,13.65788,24.67070,57991.600239,30.0,c,19.67,1127.85,00.48
00114,TA019N25,19.09851,24.62089,57991.600748,30.0,c,19.66,1127.85,00.48
00115,TA019N25,19.06858,24.66089,57991.601257,30.0,c,19.66,1127.85,00.48
00116,TA014N30,14.29704,29.67211,57991.601768,30.0,c,19.68,1127.85,00.48
00117,TA015N34,15.29573,34.61471,57991.602788,30.0,c,19.69,1127.85,00.48
00118,TA019N30,19.96744,29.66392,57991.603296,30.0,c,19.67,1127.85,00.48
00119,TA025N30,25.68944,29.68418,57991.603803,30.0,c,19.66,1128.38,00.48
00120,TA015N34,15.30598,34.67444,57991.604318,30.0,c,19.68,1128.43,00.48
00121,TA019N30,20.00774,29.62390,57991.604818,30.0,c,19.68,1128.43,00.48
00122,TA024N25,24.51932,24.67288,57991.605327,30.0,c,19.66,1128.43,00.48
00123,TA018N20,18.56854,19.67138,57991.605843,30.0,c,19.65,1128.43,00.48
00124,TA017N15,18.00903,14.67039,57991.606345,30.0,c,19.59,1128.43,00.48
00125,TA023N15,23.13992,14.62048,57991.606844,30.0,c,19.65,1128.43,00.48
00126,TA017N10,17.78964,9.66895,57991.607798,30.0,c,19.63,1128.43,00.48
00127,TA022N10,22.85053,9.60910,57991.608439,30.0,c,19.64,1128.48,00.48
00128,TA027N10,27.89317,9.65872,57991.608942,30.0,c,19.64,1128.48,00.48
00129,TA031N30,31.43364,29.66176,57991.610081,30.0,c,19.68,1155.08,00.49
00130,TA029N25,29.99304,24.66173,57991.610596,30.0,c,19.64,1178.16,00.50
00131,TA023N20,23.86122,19.62007,57991.611627,30.0,c,19.65,1178.16,00.50
00132,TA019N25,19.10878,24.68144,57991.612136,30.0,c,19.68,1178.16,00.50
00133,TA029N20,29.11157,19.67125,57991.612638,30.0,c,19.65,1178.16,00.50
00134,TA024N25,24.55039,24.63139,57991.613657,30.0,c,19.65,1178.16,00.50
00135,TA028N15,28.24195,14.66972,57991.614165,30.0,c,19.64,1178.16,00.50
00136,TA019N30,20.01783,29.68276,57991.614728,30.0,c,19.68,1178.63,00.50
00137,TA029N25,29.98103,24.68289,57991.615293,30.0,c,19.64,1178.63,00.50
00138,TA025N30,25.72938,29.64284,57991.615824,30.0,c,19.68,1178.63,00.50
00139,TA035N25,35.45384,24.67298,57991.616332,30.0,c,19.65,1205.02,00.50
00140,TA022N10,22.86096,9.66870,57991.617137,30.0,c,19.61,1205.02,00.50
00141,TA031N30,31.42178,29.68212,57991.617916,30.0,c,19.67,1205.49,00.50
00142,TA027N10,27.92230,9.61844,57991.618619,30.0,c,19.63,1205.49,00.50
00143,TA037N30,37.17512,29.67173,57991.619327,30.0,c,19.64,1230.93,00.51
00144,TA023N15,23.15098,14.67970,57991.619832,30.0,c,19.61,1230.93,00.51
00145,TA028N15,28.27358,14.62900,57991.621000,30.0,c,19.64,1231.09,00.51
00146,TA023N20,23.87055,19.68066,57991.622004,30.0,c,19.62,1231.09,00.51
00147,TA029N20,29.15198,19.63063,57991.623020,30.0,c,19.61,1231.19,00.51
00148,TA024N25,24.55956,24.69115,57991.624031,30.0,c,19.61,1231.19,00.51
00149,TA025N30,25.73906,29.70215,57991.626163,30.0,c,19.59,1231.51,00.51
00150,TA035N25,35.44248,24.69246,57991.626716,30.0,c,19.53,1231.51,00.51
00151,TA031N30,31.46090,29.64249,57991.627243,30.0,c,19.55,1231.51,00.51
00152,TA027N10,27.93218,9.67846,57991.628532,30.0,c,19.45,1231.51,00.51
00153,TA037N30,37.16369,29.69204,57991.629293,30.0,c,19.46,1232.14,00.51
00154,TA028N15,28.28206,14.68941,57991.631191,30.0,c,19.30,1232.24,00.51
00155,TA029N20,29.16148,19.69065,57991.633356,30.0,c,19.13,1232.24,00.51
00156,TA029N25,30.02062,24.70121,57991.635379,30.0,c,18.91,1232.24,00.51
00157,TA035N25,35.47261,24.65133,57991.636396,30.0,c,18.80,1232.35,00.51
00158,TA031N30,31.47035,29.70216,57991.637473,30.0,c,18.63,1232.66,00.51
00159,TA037N30,37.19250,29.65240,57991.638536,30.0,c,18.51,1232.92,00.51
00160,TA012S00,13.34188,0.00807,57992.501871,30.0,o,19.00,1263.03,00.51
00161,TA017N05,18.33417,4.96894,57992.504926,30.0,o,19.06,1287.84,00.51
00162,TA017N05,18.32545,5.00197,57992.512019,30.0,o,19.04,1287.84,00.51
00163,TA017S00,18.35253,0.00491,57992.514144,30.0,o,19.09,1312.81,00.51
00164,TA012S00,13.38270,0.05489,57992.516682,30.0,o,19.12,1312.81,00.51
00165,TA017N05,18.35638,4.97612,57992.519752,30.0,o,19.13,1313.39,00.51
00166,TA017N05,18.36716,5.04996,57992.527048,30.0,o,19.10,1313.60,00.51
00167,TA017S00,18.39342,0.05248,57992.529164,30.0,o,19.08,1314.49,00.51
00168,TA019N50,19.85090,50.83326,57992.544348,30.0,o,19.45,1315.54,00.51
00169,TA017N65,18.46058,65.88412,57992.549915,30.0,o,19.37,1345.44,00.52
00170,TA019N50,19.84245,50.85150,57992.554262,30.0,o,19.48,1345.55,00.52
00171,TA017N65,18.53821,65.84402,57992.559244,30.0,o,19.41,1346.12,00.52
00172,TA019N50,19.88114,50.81197,57992.563692,30.0,o,19.49,1346.12,00.52
00173,TA028N75,30.46038,75.89787,57992.566733,30.0,o,19.27,1353.94,00.52
00174,TA017N65,18.55773,65.90474,57992.569663,30.0,o,19.40,1353.99,00.52
00175,TA019N50,19.89452,50.87382,57992.574323,30.0,o,19.46,1353.99,00.52
00176,TA028N75,30.23095,75.98151,57992.577176,30.0,o,19.28,1354.15,00.52
00177,TA013N24,13.74585,25.79123,57993.545862,30.0,o,19.11,1354.67,00.52
00178,TA014N30,14.41947,30.78814,57993.546412,30.0,o,19.12,1355.56,00.52
00179,TA018N20,18.62796,20.76705,57993.547510,30.0,o,19.11,1355.56,00.52
00180,TA015N34,15.45913,35.78595,57993.548081,30.0,o,19.10,1355.93,00.52
00181,TA019N25,19.19663,25.77668,57993.548606,30.0,o,19.12,1355.93,00.52
00182,TA017N10,17.77962,10.77380,57993.549196,30.0,o,19.07,1356.14,00.52
00183,TA017N15,18.03269,15.77404,57993.549693,30.0,o,19.11,1356.67,00.52
00184,TA013N24,13.73600,25.82912,57993.554341,30.0,o,19.13,1356.67,00.52
00185,TA014N30,14.40991,30.83097,57993.557001,30.0,o,19.08,1356.67,00.52
00186,TA015N34,15.44050,35.82600,57993.557508,30.0,o,19.08,1356.72,00.52
00187,TA019N30,20.12129,30.81079,57993.558013,30.0,o,19.12,1361.18,00.52
00188,TA015N34,15.48011,35.78800,57993.558510,30.0,o,19.08,1361.18,00.52
00189,TA014N30,14.43951,30.79497,57993.559009,30.0,o,19.09,1361.18,00.52
00190,TA019N25,19.18750,25.82172,57993.560580,30.0,o,19.09,1361.18,00.52
00191,TA013N24,13.76484,25.80337,57993.561077,30.0,o,19.10,1361.18,00.52
00192,TA018N20,18.61812,20.81739,57993.562089,30.0,o,19.10,1361.18,00.52
00193,TA017N15,18.02172,15.82467,57993.564175,30.0,o,19.06,1361.28,00.52
00194,TA017N10,17.79797,10.78630,57993.564678,30.0,o,19.02,1361.28,00.52
00195,TA017N10,17.76847,10.82877,57993.565709,30.0,o,19.04,1361.28,00.52
00196,TA022N10,22.86080,10.78107,57993.566218,30.0,o,19.04,1361.28,00.52
00197,TA019N30,20.13178,30.81071,57993.567763,30.0,o,19.10,1361.33,00.52
00198,TA022N10,22.85097,10.80878,57993.570272,30.0,o,19.00,1361.33,00.52
00199,TA022N10,22.88042,10.77085,57993.571300,30.0,o,18.96,1361.33,00.52
00200,TA017N10,17.80809,10.86055,57993.571799,30.0,o,18.97,1361.33,00.52
00201,TA017N15,18.05095,15.80210,57993.572835,30.0,o,18.99,1361.33,00.52
00202,TA017N15,18.06150,15.86327,57993.573347,30.0,o,19.00,1361.33,00.52
00203,TA018N20,18.64713,20.80154,57993.573845,30.0,o,19.01,1361.33,00.52
00204,TA013N24,13.77361,25.89166,57993.574910,30.0,o,19.04,1361.33,00.52
00205,TA019N25,19.21620,25.81185,57993.575406,30.0,o,19.04,1361.33,00.52
00206,TA014N30,14.44780,30.89056,57993.576524,30.0,o,19.03,1361.33,00.52
00207,TA019N30,20.16060,30.80923,57993.577014,30.0,o,19.03,1361.33,00.52
00208,TA015N34,15.48883,35.88680,57993.577502,30.0,o,19.02,1361.33,00.52
00209,TA019N30,20.17115,30.87264,57993.578530,30.0,o,19.06,1361.33,00.52
00210,TA019N25,19.23623,25.88019,57993.579541,30.0,o,19.04,1361.33,00.52
00211,TA018N20,18.66607,20.87595,57993.581087,30.0,o,18.98,1361.33,00.52
00212,TA022N10,22.88873,10.85832,57993.584930,30.0,o,18.97,1361.33,00.52
00213,TA017N05,17.53856,4.31078,57994.531143,30.0,o,19.54,1364.22,00.52
00214,TA017N05,17.55724,4.29174,57994.548487,30.0,o,19.52,1364.22,00.52
00215,TA022N05,22.52676,4.33052,57994.549048,30.0,o,19.53,1385.94,00.52
00216,TA017N05,17.52128,4.41574,57994.556930,30.0,o,19.53,1385.94,00.52
00217,TA022N05,22.55808,4.29170,57994.558166,30.0,o,19.55,1385.94,00.52
00218,TA022N05,22.56882,4.35062,57994.566381,30.0,o,19.57,1386.25,00.52
00219,TA013N24,13.23653,25.04165,57995.564550,30.0,o,16.71,1388.24,00.52
00220,TA014N30,13.85598,30.04193,57995.565060,30.0,o,16.51,1389.77,00.52
00221,TA015N34,14.84559,35.04255,57995.565565,30.0,o,17.07,1391.23,00.52
00222,TA018N20,18.16854,20.04046,57995.566122,30.0,o,17.00,1392.34,00.52
00223,TA019N30,19.57821,30.05232,57995.566647,30.0,o,17.55,1392.34,00.52
00224,TA019N25,18.68859,25.05163,57995.567150,30.0,o,17.24,1392.34,00.52
00225,TA017N10,17.40987,10.03768,57995.567785,30.0,o,17.48,1394.22,00.52
00226,TA017N10,17.39994,10.05781,57995.568289,30.0,o,17.36,1394.28,00.52
00227,TA017N15,17.62007,15.03928,57995.568827,30.0,o,17.51,1395.90,00.52
00228,TA013N24,13.22627,25.06077,57995.572935,30.0,o,18.26,1396.06,00.52
00229,TA014N30,13.84469,30.06361,57995.575553,30.0,o,17.79,1396.16,00.52
00230,TA015N34,14.82409,35.06361,57995.576058,30.0,o,17.09,1396.22,00.52
00231,TA019N30,19.56691,30.07377,57995.576562,30.0,o,17.24,1396.22,00.52
00232,TA014N30,13.87483,30.02332,57995.577572,30.0,o,16.10,1396.22,00.52
00233,TA019N25,18.67712,25.07283,57995.579166,30.0,o,16.59,1396.22,00.52
00234,TA013N24,13.25526,25.02244,57995.579670,30.0,o,17.44,1396.22,00.52
00235,TA013N24,13.26518,25.08243,57995.580175,30.0,o,17.78,1396.22,00.52
00236,TA018N20,18.15725,20.06153,57995.580680,30.0,o,18.04,1396.22,00.52
00237,TA017N15,17.63742,15.02026,57995.582191,30.0,o,18.24,1396.22,00.52
00238,TA017N15,17.60744,15.06020,57995.582695,30.0,o,18.55,1396.37,00.52
00239,TA017N10,17.42794,10.01867,57995.583327,30.0,o,18.55,1396.37,00.52
00240,TA023N15,22.74937,15.05023,57995.583940,30.0,o,18.58,1396.37,00.52
00241,TA022N10,22.47005,10.05815,57995.584508,30.0,o,18.60,1396.37,00.52
00242,TA022N10,22.48020,10.03814,57995.585013,30.0,o,18.43,1396.37,00.52
00243,TA022N10,22.50131,10.01718,57995.590232,30.0,o,18.50,1396.37,00.52
00244,TA017N10,17.43989,10.07689,57995.590764,30.0,o,18.51,1396.37,00.52
00245,TA023N15,22.74113,15.06898,57995.591448,30.0,o,18.51,1396.37,00.52
00246,TA023N15,22.77114,15.02886,57995.591951,30.0,o,18.56,1396.37,00.52
00247,TA017N15,17.64944,15.07861,57995.592456,30.0,o,18.47,1396.37,00.52
00248,TA018N20,18.19841,20.08012,57995.592960,30.0,o,18.48,1396.37,00.52
00249,TA018N20,18.18823,20.02008,57995.593464,30.0,o,18.39,1396.37,00.52
00250,TA019N25,18.70687,25.03050,57995.594474,30.0,o,17.89,1396.37,00.52
00251,TA014N30,13.89435,30.08213,57995.595575,30.0,o,16.31,1396.43,00.52
00252,TA019N30,19.59561,30.03248,57995.596082,30.0,o,16.59,1396.43,00.52
00253,TA015N34,14.87333,35.08361,57995.596587,30.0,o,17.11,1396.43,00.52
00254,TA019N30,19.60596,30.09309,57995.599137,30.0,o,16.31,1396.43,00.52
00255,TA019N25,18.71668,25.09228,57995.600144,30.0,o,17.47,1396.43,00.52
00256,TA022N10,22.50907,10.07862,57995.602393,30.0,o,18.86,1396.43,00.52
00257,TA023N15,22.78029,15.08917,57995.606257,30.0,o,18.18,1396.43,00.52
00258,TA017N05,16.90601,4.63319,57996.498885,30.0,o,18.96,1399.68,00.52
00259,TA017N05,16.89709,4.66647,57996.506003,30.0,o,18.95,1399.68,00.52
00260,TA022N05,21.89591,4.62253,57996.507007,30.0,o,18.86,1399.68,00.52
00261,TA017N05,16.92762,4.64078,57996.513704,30.0,o,19.09,1399.68,00.52
00262,TA022N05,21.88685,4.65612,57996.514195,30.0,o,18.93,1399.68,00.52
00263,TA017N05,16.93859,4.71470,57996.520932,30.0,o,19.04,1399.68,00.52
00264,TA022N05,21.91766,4.63040,57996.522044,30.0,o,19.03,1399.68,00.52
00265,TA022N05,21.92830,4.70398,57996.529182,30.0,o,19.06,1399.68,00.52
00266,TA009N75,11.36442,75.07693,57996.541706,30.0,o,19.25,1426.38,00.52
00267,TA013N80,16.76489,80.13457,57996.542215,30.0,o,19.13,1446.26,00.53
00268,TA017N65,18.64594,65.10697,57996.556961,30.0,o,19.33,1450.56,00.53
00269,TA009N75,11.47337,75.03654,57996.558479,30.0,o,19.19,1450.72,00.53
00270,TA013N80,16.71256,80.15452,57996.560000,30.0,o,19.15,1450.77,00.53
00271,TA019N50,19.96619,50.07539,57996.561005,30.0,o,19.43,1450.77,00.53
00272,TA013N80,16.87432,80.11567,57996.568617,30.0,o,19.13,1450.77,00.53
00273,TA019N50,19.94788,50.09484,57996.570143,30.0,o,19.41,1450.77,00.53
00274,TA017N65,18.69767,65.07619,57996.574758,30.0,o,19.28,1450.88,00.53
00275,TA013N80,16.94152,80.17642,57996.577835,30.0,o,19.16,1451.09,00.53
00276,TA019N50,19.99602,50.05504,57996.578857,30.0,o,19.38,1451.09,00.53
00277,TA017N65,18.72391,65.13685,57996.583927,30.0,o,19.30,1451.19,00.53
00278,TA019N50,20.00447,50.11490,57996.587994,30.0,o,19.43,1451.19,00.53
00279,TA028N75,30.55595,75.17520,57996.599213,30.0,o,19.24,1453.13,00.53
00280,TA028N75,30.60318,75.23520,57996.608379,30.0,o,19.28,1453.13,00.53
00281,TA041N80,44.79142,80.18080,57996.609898,30.0,o,19.03,1461.21,00.53
00282,TA041N80,44.73578,80.20173,57996.619069,30.0,o,19.15,1461.32,00.53
00283,TA041N80,44.89411,80.16281,57996.627719,30.0,o,19.11,1461.32,00.53
00284,TA041N80,44.92328,80.22171,57996.637234,30.0,o,18.30,1461.47,00.53
00285,TA013N24,13.70570,24.50058,57997.524668,30.0,o,19.09,1462.15,00.53
00286,TA014N30,14.36842,29.53661,57997.534443,30.0,o,19.09,1462.15,00.53
00287,TA013N24,13.69579,24.54371,57997.535978,30.0,o,19.09,1462.15,00.53
00288,TA017N15,17.99374,14.51274,57997.543005,30.0,o,19.02,1462.15,00.53
00289,TA017N10,17.75088,9.51448,57997.543505,30.0,o,18.93,1462.15,00.53
00290,TA014N30,14.37799,29.53624,57997.544180,30.0,o,19.09,1462.15,00.53
00291,TA015N34,15.41691,34.53138,57997.544676,30.0,o,19.06,1462.15,00.53
00292,TA018N20,18.58877,19.51464,57997.545270,30.0,o,19.08,1462.15,00.53
00293,TA019N30,20.09933,29.51730,57997.545804,30.0,o,19.08,1462.15,00.53
00294,TA019N25,19.15686,24.52428,57997.546303,30.0,o,19.07,1462.15,00.53
00295,TA022N10,22.82300,9.49399,57997.547316,30.0,o,18.94,1462.15,00.53
00296,TA017N10,17.73052,9.54357,57997.547823,30.0,o,18.97,1462.15,00.53
00297,TA017N15,17.98345,14.54488,57997.548840,30.0,o,18.99,1462.15,00.53
00298,TA018N20,18.57861,19.54596,57997.550895,30.0,o,19.07,1462.15,00.53
00299,TA013N24,13.73420,24.53475,57997.551406,30.0,o,19.06,1462.15,00.53
00300,TA019N25,19.14729,24.55980,57997.553917,30.0,o,19.08,1462.15,00.53
00301,TA014N30,14.39717,29.53768,57997.554432,30.0,o,19.07,1462.15,00.53
00302,TA015N34,15.43610,34.53372,57997.555470,30.0,o,19.01,1462.15,00.53
00303,TA015N34,15.40649,34.57492,57997.555980,30.0,o,19.08,1462.15,00.53
00304,TA019N30,20.07992,29.55982,57997.556477,30.0,o,19.10,1462.15,00.53
00305,TA015N34,15.44678,34.59684,57997.556987,30.0,o,19.06,1462.15,00.53
00306,TA019N30,20.11943,29.52270,57997.558006,30.0,o,19.08,1462.15,00.53
00307,TA014N30,14.40727,29.60593,57997.558502,30.0,o,19.08,1462.15,00.53
00308,TA019N25,19.18629,24.53029,57997.558999,30.0,o,19.07,1462.15,00.53
00309,TA013N24,13.74362,24.61203,57997.559510,30.0,o,19.07,1462.15,00.53
00310,TA018N20,18.61717,19.52627,57997.560597,30.0,o,19.06,1462.15,00.53
00311,TA017N15,18.01125,14.53146,57997.561602,30.0,o,18.83,1462.15,00.53
00312,TA017N10,17.77843,9.59290,57997.562099,30.0,o,18.86,1462.15,00.53
00313,TA023N15,23.12472,14.55407,57997.562632,30.0,o,18.97,1462.15,00.53
00314,TA017N10,17.76785,9.53511,57997.563158,30.0,o,18.98,1462.15,00.53
00315,TA022N10,22.81143,9.54870,57997.564215,30.0,o,18.91,1462.15,00.53
00316,TA022N10,22.83850,9.52047,57997.570376,30.0,o,18.91,1462.15,00.53
00317,TA022N10,22.84914,9.58288,57997.571409,30.0,o,18.93,1462.15,00.53
00318,TA017N15,18.01910,14.61298,57997.572445,30.0,o,19.04,1462.15,00.53
00319,TA018N20,18.62486,19.61074,57997.572937,30.0,o,19.02,1462.15,00.53
00320,TA019N25,19.19382,24.62134,57997.574550,30.0,o,19.02,1462.15,00.53
00321,TA019N30,20.12708,29.61852,57997.575655,30.0,o,19.07,1462.15,00.53
00322,TA017S00,18.30489,0.30699,57998.503969,30.0,o,19.08,1462.15,00.53
00323,TA017S00,18.33527,0.26721,57998.511606,30.0,o,19.05,1462.15,00.53
00324,TA017N05,18.26654,5.30818,57998.512106,30.0,o,19.06,1462.15,00.53
00325,TA019N50,20.39671,49.79960,57998.519286,30.0,o,18.78,1462.15,00.53
00326,TA019N50,20.39349,49.83261,57998.525723,30.0,o,18.83,1462.15,00.53
00327,TA017N65,20.05393,64.69944,57998.534282,30.0,o,18.78,1466.98,00.53
00328,TA017N65,20.03495,64.73205,57998.535293,30.0,o,18.80,1466.98,00.53
00329,TA009N75,13.59571,74.70431,57998.538541,30.0,o,18.73,1469.13,00.53
00330,TA021N70,24.80088,69.73912,57998.542023,30.0,o,18.84,1491.21,00.54
00331,TA019N50,20.92566,49.67526,57998.544038,30.0,o,19.01,1491.69,00.54
00332,TA021N70,24.79026,69.76749,57998.546019,30.0,o,18.87,1491.69,00.54
00333,TA019N50,20.94667,49.74181,57998.547006,30.0,o,19.08,1491.79,00.54
00334,TA009N75,13.55764,74.74412,57998.548274,30.0,o,18.89,1491.79,00.54
00335,TA017N65,20.10552,64.71361,57998.550755,30.0,o,18.99,1491.90,00.54
00336,TA028N75,31.34583,74.93244,57998.553960,30.0,o,18.87,1491.90,00.54
00337,TA009N75,13.66433,74.72234,57998.557471,30.0,o,18.93,1491.90,00.54
00338,TA017N65,20.13190,64.79220,57998.559967,30.0,o,18.99,1491.95,00.54
00339,TA028N75,31.32008,74.97292,57998.563348,30.0,o,18.85,1491.95,00.54
00340,TA021N70,24.90579,69.82338,57998.564488,30.0,o,18.97,1492.11,00.54
00341,TA009N75,13.72040,74.80093,57998.566753,30.0,o,18.90,1492.11,00.54
00342,TA028N75,31.44525,74.95163,57998.572958,30.0,o,18.87,1492.11,00.54
00343,TA028N75,32.79130,74.86681,57998.582545,30.0,o,18.94,1492.11,00.54
00344,TA014N30,14.34952,29.05313,57999.542569,30.0,o,18.82,1492.11,00.54
00345,TA013N24,13.70012,24.05204,57999.543063,30.0,o,18.61,1494.05,00.54
00346,TA015N34,15.34885,34.07346,57999.554011,30.0,o,19.18,1494.05,00.54
00347,TA014N30,14.32970,29.07368,57999.554479,30.0,o,19.00,1494.05,00.54
00348,TA013N24,13.68983,24.07242,57999.557088,30.0,o,19.23,1494.05,00.54
00349,TA017N15,18.05100,14.04995,57999.562634,30.0,o,18.46,1494.05,00.54
00350,TA017N10,17.83195,9.04814,57999.563187,30.0,o,18.61,1494.05,00.54
00351,TA022N10,22.90284,9.04802,57999.563668,30.0,o,18.68,1494.10,00.54
00352,TA015N34,15.35984,34.05284,57999.564817,30.0,o,18.95,1494.10,00.54
00353,TA022N10,22.89703,9.06256,57999.567838,30.0,o,19.33,1494.10,00.54
00354,TA017N10,17.82652,9.06272,57999.568334,30.0,o,19.39,1494.10,00.54
00355,TA017N10,17.85555,9.02561,57999.569471,30.0,o,19.42,1494.10,00.54
00356,TA017N15,18.04472,14.06749,57999.570082,30.0,o,19.32,1494.10,00.54
00357,TA018N20,18.62307,19.04969,57999.571967,30.0,o,19.44,1494.10,00.54
00358,TA013N24,13.72970,24.03071,57999.573225,30.0,o,19.47,1494.10,00.54
00359,TA014N30,14.36877,29.03383,57999.574815,30.0,o,19.37,1494.10,00.54
00360,TA015N34,15.37816,34.03347,57999.575280,30.0,o,19.27,1494.10,00.54
00361,TA015N34,15.38813,34.09353,57999.575840,30.0,o,19.39,1494.10,00.54
00362,TA014N30,14.37886,29.09386,57999.576303,30.0,o,19.50,1494.10,00.54
00363,TA019N25,19.15184,24.06243,57999.577335,30.0,o,19.50,1494.10,00.54
00364,TA013N24,13.73949,24.09221,57999.577808,30.0,o,19.51,1494.10,00.54
00365,TA018N20,18.61175,19.07117,57999.578767,30.0,o,19.48,1494.10,00.54
00366,TA017N15,18.08148,14.08972,57999.579255,30.0,o,19.51,1494.10,00.54
00367,TA017N15,18.07137,14.02939,57999.580235,30.0,o,19.53,1494.10,00.54
00368,TA017N10,17.86169,9.08871,57999.581380,30.0,o,19.53,1494.10,00.54
00369,TA023N15,23.18294,14.07952,57999.582063,30.0,o,19.55,1494.10,00.54
00370,TA022N10,22.92356,9.02850,57999.582673,30.0,o,19.55,1494.20,00.54
00371,TA022N10,22.93495,9.08706,57999.589828,30.0,o,19.60,1494.20,00.54
00372,TA018N20,18.64139,19.02983,57999.591898,30.0,o,19.61,1494.20,00.54
00373,TA019N25,19.14040,24.08081,57999.593370,30.0,o,19.60,1494.20,00.54
00374,TA019N30,20.05964,29.06267,57999.594423,30.0,o,19.52,1494.20,00.54
00375,TA019N30,20.04952,29.08255,57999.598010,30.0,o,19.60,1494.20,00.54
00376,TA019N25,19.18003,24.04191,57999.599644,30.0,o,19.62,1494.20,00.54
00377,TA018N20,18.65058,19.09097,57999.601705,30.0,o,19.57,1494.20,00.54
00378,TA019N30,20.08850,29.04291,57999.609375,30.0,o,19.65,1494.20,00.54
00379,TA019N25,19.18929,24.10248,57999.609986,30.0,o,19.63,1494.20,00.54
00380,TA019N30,20.09836,29.10359,57999.619499,30.0,o,19.58,1494.20,00.54
00381,TA017N05,17.81016,4.89725,58000.445246,30.0,o,18.37,1494.20,00.54
00382,TA022N05,22.80940,4.87958,58000.447198,30.0,o,18.31,1495.46,00.54
00383,TA017N05,17.80124,4.92694,58000.451525,30.0,o,18.26,1495.46,00.54
00384,TA022N05,22.80015,4.90868,58000.453428,30.0,o,18.39,1495.46,00.54
00385,TA017N05,17.83239,4.89661,58000.457773,30.0,o,18.44,1495.46,00.54
00386,TA022N05,22.83102,4.87800,58000.459703,30.0,o,18.50,1495.46,00.54
00387,TA017N05,17.84362,4.96668,58000.464028,30.0,o,18.51,1495.46,00.54
00388,TA022N05,22.84261,4.94725,58000.465931,30.0,o,18.52,1495.46,00.54
00389,TA009N75,8.09217,74.97321,58000.518913,30.0,o,18.67,1500.03,00.54
00390,TA009N75,8.05117,74.98392,58000.520767,30.0,o,18.68,1500.08,00.54
00391,TA013N80,11.78607,80.05236,58000.521229,30.0,o,18.56,1504.17,00.54
00392,TA017N65,16.61836,65.01611,58000.529725,30.0,o,18.81,1508.53,00.54
00393,TA009N75,8.16890,74.95514,58000.531601,30.0,o,18.67,1508.53,00.54
00394,TA009N75,8.19779,75.01574,58000.532990,30.0,o,18.67,1508.53,00.54
00395,TA013N80,11.72004,80.07413,58000.535772,30.0,o,18.60,1508.63,00.54
00396,TA019N50,18.62729,49.99437,58000.537633,30.0,o,18.92,1510.20,00.54
00397,TA021N55,20.85692,55.00369,58000.538096,30.0,o,18.87,1523.42,00.54
00398,TA021N70,20.59605,70.05332,58000.538558,30.0,o,18.77,1528.09,00.54
00399,TA017N65,16.59017,65.03398,58000.539586,30.0,o,18.80,1528.20,00.54
00400,TA013N80,11.90133,80.03448,58000.540049,30.0,o,18.52,1528.20,00.54
00401,TA019N50,18.60816,50.01465,58000.541455,30.0,o,18.91,1528.20,00.54
00402,TA021N70,20.56632,70.07369,58000.543346,30.0,o,18.71,1528.25,00.54
00403,TA021N55,20.83572,55.02508,58000.545199,30.0,o,18.86,1528.35,00.54
00404,TA017N65,16.66895,64.99484,58000.547588,30.0,o,18.82,1528.46,00.54
00405,TA013N80,11.94565,80.09546,58000.548051,30.0,o,18.51,1528.46,00.54
00406,TA019N50,18.65936,49.97300,58000.549547,30.0,o,18.81,1528.46,00.54
00407,TA021N70,20.63800,70.04340,58000.551723,30.0,o,18.72,1528.46,00.54
00408,TA021N55,20.88113,54.98557,58000.553833,30.0,o,18.87,1528.56,00.54
00409,TA017N65,16.68868,65.05419,58000.556645,30.0,o,18.80,1528.56,00.54
00410,TA019N50,18.66745,50.03573,58000.559049,30.0,o,18.92,1528.56,00.54
00411,TA021N70,20.67326,70.10489,58000.560965,30.0,o,18.74,1528.56,00.54
00412,TA021N55,20.89941,55.04456,58000.563077,30.0,o,18.89,1528.72,00.54
00413,TA036N70,35.05016,70.07966,58000.637902,30.0,o,18.34,1532.81,00.55
00414,TA017N10,17.91011,10.93830,58001.508760,30.0,o,17.87,1532.81,00.55
00415,TA017N15,18.13445,15.93900,58001.509236,30.0,o,17.81,1532.81,00.55
00416,TA013N24,13.81854,25.96639,58001.509833,30.0,o,17.99,1532.86,00.55
00417,TA014N30,14.46538,30.96587,58001.510308,30.0,o,17.99,1532.92,00.55
00418,TA015N34,15.48378,35.96317,58001.510782,30.0,o,18.05,1532.97,00.55
00419,TA013N24,13.79816,25.99055,58001.511262,30.0,o,18.06,1532.97,00.55
00420,TA014N30,14.76053,30.84149,58001.513484,30.0,o,18.16,1532.97,00.55
00421,TA015N34,15.81974,35.83670,58001.513958,30.0,o,18.22,1533.34,00.55
00422,TA019N30,20.17211,30.95364,58001.514665,30.0,o,18.16,1533.97,00.55
00423,TA019N25,19.26581,25.95772,58001.515139,30.0,o,18.11,1533.97,00.55
00424,TA018N20,18.70993,20.95041,58001.515631,30.0,o,18.11,1533.97,00.55
00425,TA022N10,22.97761,10.92687,58001.516673,30.0,o,18.07,1533.97,00.55
00426,TA017N10,17.89960,10.97489,58001.517147,30.0,o,17.98,1533.97,00.55
00427,TA017N15,18.12498,15.97603,58001.517623,30.0,o,18.08,1533.97,00.55
00428,TA018N20,18.93984,20.83195,58001.519879,30.0,o,18.16,1533.97,00.55
00429,TA013N24,14.10754,25.82231,58001.521307,30.0,o,18.16,1533.97,00.55
00430,TA014N30,14.79124,30.82185,58001.522772,30.0,o,18.14,1533.97,00.55
00431,TA019N30,20.47092,30.84229,58001.523748,30.0,o,18.20,1534.23,00.55
00432,TA015N34,15.85093,35.81886,58001.524222,30.0,o,18.17,1534.28,00.55
00433,TA019N25,19.51857,25.84973,58001.524742,30.0,o,18.21,1534.28,00.55
00434,TA015N34,15.86207,35.88074,58001.525251,30.0,o,18.11,1534.33,00.55
00435,TA014N30,14.80212,30.88784,58001.525726,30.0,o,18.22,1534.33,00.55
00436,TA019N25,19.55847,25.81247,58001.526207,30.0,o,18.23,1534.33,00.55
00437,TA013N24,14.11794,25.89354,58001.526682,30.0,o,18.15,1534.33,00.55
00438,TA018N20,18.97956,20.80715,58001.527166,30.0,o,18.11,1534.33,00.55
00439,TA017N15,18.36338,15.81510,58001.529854,30.0,o,18.02,1534.33,00.55
00440,TA017N10,18.10973,10.81765,58001.530814,30.0,o,18.06,1534.33,00.55
00441,TA022N10,23.15222,10.83061,58001.531287,30.0,o,17.94,1534.33,00.55
00442,TA022N10,23.00029,10.94818,58001.537766,30.0,o,18.05,1534.33,00.55
00443,TA017N10,18.11960,10.89459,58001.538994,30.0,o,18.07,1534.33,00.55
00444,TA017N15,18.37236,15.89826,58001.541242,30.0,o,18.09,1534.33,00.55
00445,TA018N20,18.98885,20.89557,58001.541737,30.0,o,18.18,1534.33,00.55
00446,TA019N25,19.56768,25.90446,58001.542684,30.0,o,18.21,1534.33,00.55
00447,TA019N30,20.52177,30.90086,58001.543653,30.0,o,18.21,1534.39,00.55
00448,TA019N30,20.51138,30.84185,58001.544126,30.0,o,18.18,1534.39,00.55
00449,TA009N75,11.10530,74.75321,58002.482095,30.0,o,17.47,1534.54,00.55
00450,TA017N65,18.52805,64.73645,58002.483033,30.0,o,17.66,1534.86,00.55
00451,TA017N65,18.50018,64.75957,58002.484444,30.0,o,17.60,1534.86,00.55
00452,TA009N75,11.22084,74.72006,58002.484913,30.0,o,17.85,1534.86,00.55
00453,TA021N70,22.88411,69.76998,58002.485384,30.0,o,17.74,1534.86,00.55
00454,TA019N50,19.92899,49.72186,58002.491531,30.0,o,18.00,1534.86,00.55
00455,TA017N65,18.57875,64.73644,58002.493875,30.0,o,18.17,1534.86,00.55
00456,TA019N50,19.92412,49.74992,58002.495282,30.0,o,18.08,1534.86,00.55
00457,TA009N75,11.28154,74.80601,58002.498573,30.0,o,17.97,1534.86,00.55
00458,TA019N50,19.96941,49.71891,58002.500451,30.0,o,18.18,1534.86,00.55
00459,TA021N70,22.88833,69.81995,58002.501859,30.0,o,17.16,1534.86,00.55
00460,TA028N75,30.08036,74.81909,58002.504677,30.0,o,17.47,1534.86,00.55
00461,TA017N65,18.63097,64.81860,58002.505148,30.0,o,18.14,1534.86,00.55
00462,TA021N70,22.98087,69.79056,58002.507494,30.0,o,18.08,1534.86,00.55
00463,TA019N50,19.99778,49.79532,58002.508908,30.0,o,18.20,1534.86,00.55
00464,TA028N75,30.07848,74.85223,58002.511736,30.0,o,17.93,1534.86,00.55
00465,TA021N70,23.03690,69.86365,58002.514558,30.0,o,18.08,1534.86,00.55
00466,TA028N75,30.21236,74.82491,58002.518797,30.0,o,17.98,1534.86,00.55
00467,TA036N70,37.34630,69.77338,58002.521616,30.0,o,18.11,1535.49,00.55
00468,TA028N75,30.27810,74.89763,58002.525868,30.0,o,17.96,1535.49,00.55
00469,TA036N70,37.33752,69.80624,58002.528706,30.0,o,18.07,1535.49,00.55
00470,TA036N70,37.43679,69.77878,58002.535774,30.0,o,18.04,1535.49,00.55
00471,TA036N70,37.48821,69.85179,58002.542871,30.0,o,18.15,1535.49,00.55
00472,TA013N24,13.99556,25.93145,58003.498988,30.0,o,26.93,1535.49,00.55
00473,TA014N30,14.65598,30.93195,58003.499443,30.0,o,27.18,1535.49,00.55
00474,TA015N34,15.67571,35.95296,58003.503562,30.0,o,27.07,1535.49,00.55
00475,TA014N30,14.64537,30.95235,58003.504018,30.0,o,27.09,1535.49,00.55
00476,TA015N34,15.68594,35.93243,58003.504474,30.0,o,27.01,1535.49,00.55
00477,TA019N30,20.42286,30.87774,58003.505257,30.0,o,27.14,1535.49,00.55
00478,TA013N24,14.02937,25.88584,58003.505721,30.0,o,27.12,1535.49,00.55
00479,TA019N25,19.49914,25.87448,58003.506177,30.0,o,27.15,1535.49,00.55
00480,TA018N20,18.94715,20.86347,58003.507090,30.0,o,27.06,1535.49,00.55
00481,TA017N15,18.36576,15.86324,58003.507546,30.0,o,27.00,1535.49,00.55
00482,TA013N24,14.02301,25.90956,58003.513127,30.0,o,27.09,1535.49,00.55
00483,TA017N15,18.34564,15.90688,58003.516342,30.0,o,26.80,1535.49,00.55
00484,TA022N10,23.20768,10.88362,58003.517156,30.0,o,26.94,1535.49,00.55
00485,TA022N10,23.21754,10.86379,58003.517612,30.0,o,26.93,1535.49,00.55
00486,TA023N15,23.50886,15.87348,58003.518084,30.0,o,18.24,1535.49,00.55
00487,TA017N15,18.35840,15.88537,58003.518540,30.0,o,26.94,1535.49,00.55
00488,TA023N20,24.23897,20.87418,58003.518997,30.0,o,18.37,1535.49,00.55
00489,TA018N20,18.92919,20.88595,58003.519452,30.0,o,27.02,1535.49,00.55
00490,TA024N25,24.95032,25.88428,58003.519909,30.0,o,18.39,1535.49,00.55
00491,TA025N30,26.14218,30.88457,58003.520394,30.0,o,18.50,1540.58,00.56
00492,TA019N25,19.48034,25.89619,58003.520858,30.0,o,27.12,1540.58,00.56
00493,TA019N30,20.41171,30.89587,58003.521316,30.0,o,27.20,1540.58,00.56
00494,TA015N34,15.76000,35.84907,58003.521772,30.0,o,27.16,1540.58,00.56
00495,TA018N20,18.92435,20.91345,58003.523052,30.0,o,26.59,1540.58,00.56
00496,TA025N30,26.13447,30.91748,58003.523922,30.0,o,18.57,1540.79,00.56
00497,TA024N25,24.94256,25.90417,58003.524397,30.0,o,18.52,1540.79,00.56
00498,TA031N30,31.87452,30.89382,58003.524880,30.0,o,18.62,1545.93,00.56
00499,TA029N25,30.40261,25.89291,58003.525337,30.0,o,18.59,1545.93,00.56
00500,TA023N20,24.23037,20.89366,58003.525868,30.0,o,18.48,1545.93,00.56
00501,TA029N20,29.53000,20.88221,58003.526325,30.0,o,18.52,1547.19,00.56
00502,TA023N15,23.49873,15.89285,58003.526781,30.0,o,18.42,1547.19,00.56
00503,TA028N15,28.64816,15.88146,58003.527237,30.0,o,18.48,1548.65,00.56
00504,TA027N10,28.28692,10.87060,58003.527699,30.0,o,18.43,1549.97,00.56
00505,TA027N10,28.27697,10.89067,58003.528156,30.0,o,18.42,1549.97,00.56
00506,TA022N10,23.23750,10.84218,58003.528613,30.0,o,18.37,1549.97,00.56
00507,TA023N15,23.52875,15.85296,58003.529069,30.0,o,18.42,1549.97,00.56
00508,TA017N15,18.39873,15.90478,58003.529526,30.0,o,27.07,1549.97,00.56
00509,TA018N20,18.97950,20.90536,58003.529982,30.0,o,27.13,1549.97,00.56
00510,TA013N24,14.03118,25.97257,58003.530878,30.0,o,27.08,1549.97,00.56
00511,TA014N30,14.69087,30.97186,58003.531339,30.0,o,27.14,1549.97,00.56
00512,TA015N34,15.72102,35.97246,58003.531795,30.0,o,27.20,1549.97,00.56
00513,TA019N25,19.47299,25.92080,58003.532252,30.0,o,27.16,1549.97,00.56
00514,TA019N30,20.39339,30.92110,58003.532709,30.0,o,27.20,1549.97,00.56
00515,TA024N25,24.92602,25.93093,58003.533175,30.0,o,18.36,1549.97,00.56
00516,TA019N30,20.40425,30.98055,58003.533639,30.0,o,27.25,1550.02,00.56
00517,TA019N25,19.48406,25.98006,58003.534095,30.0,o,27.19,1550.02,00.56
00518,TA023N20,24.22569,20.97963,58003.534556,30.0,o,18.45,1550.02,00.56
00519,TA023N15,23.49561,15.97780,58003.535012,30.0,o,18.35,1550.02,00.56
00520,TA028N15,28.66991,15.86433,58003.535873,30.0,o,18.42,1550.18,00.56
00521,TA022N10,23.24893,10.90282,58003.536329,30.0,o,18.28,1550.18,00.56
00522,TA027N10,28.30823,10.85114,58003.536786,30.0,o,18.36,1550.18,00.56
00523,TA028N15,28.63978,15.90283,58003.538627,30.0,o,18.36,1550.18,00.56
00524,TA029N20,29.52104,20.90411,58003.539540,30.0,o,18.24,1550.18,00.56
00525,TA035N25,35.86258,25.90290,58003.539996,30.0,o,18.11,1551.64,00.56
00526,TA037N30,37.60513,30.90326,58003.540531,30.0,o,18.02,1558.57,00.56
00527,TA029N25,30.39305,25.91452,58003.541011,30.0,o,17.53,1558.57,00.56
00528,TA031N30,31.86494,30.91445,58003.541485,30.0,o,17.88,1558.57,00.56
00529,TA025N30,26.16388,30.86646,58003.541941,30.0,o,17.85,1558.57,00.56
00530,TA023N20,24.26002,20.85577,58003.542431,30.0,o,17.86,1558.57,00.56
00531,TA029N20,29.54984,20.86412,58003.542887,30.0,o,17.37,1558.57,00.56
00532,TA009N75,7.79470,74.28859,58004.467143,30.0,o,18.52,1560.56,00.56
00533,TA013N80,11.39691,79.36750,58004.484140,30.0,o,18.46,1560.82,00.56
00534,TA009N75,7.75751,74.30794,58004.484596,30.0,o,18.53,1560.93,00.56
00535,TA017N65,16.42128,64.33642,58004.485509,30.0,o,18.64,1563.55,00.56
00536,TA009N75,7.87155,74.26887,58004.485965,30.0,o,18.54,1563.55,00.56
00537,TA013N80,11.32478,79.38786,58004.486421,30.0,o,18.48,1563.55,00.56
00538,TA019N50,18.48947,49.30798,58004.492156,30.0,o,18.64,1563.76,00.56
00539,TA017N65,16.39681,64.35816,58004.496095,30.0,o,18.59,1563.81,00.56
00540,TA022N40,21.95028,39.30479,58004.498239,30.0,o,18.58,1563.81,00.56
00541,TA021N35,20.83445,34.28429,58004.499151,30.0,o,18.55,1568.33,00.56
00542,TA013N80,11.47330,79.34599,58004.501050,30.0,o,18.50,1568.33,00.56
00543,TA021N35,20.82729,34.30082,58004.502446,30.0,o,18.54,1568.33,00.56
00544,TA019N50,18.46680,49.32419,58004.503367,30.0,o,18.65,1568.33,00.56
00545,TA021N70,20.34402,69.37623,58004.503824,30.0,o,18.59,1568.53,00.56
00546,TA021N55,20.69419,54.32568,58004.504279,30.0,o,18.63,1568.69,00.56
00547,TA024N45,24.06480,44.30338,58004.504735,30.0,o,18.60,1568.69,00.56
00548,TA009N75,7.71512,74.39261,58004.505330,30.0,o,18.60,1568.69,00.56
00549,TA024N60,24.10796,59.34944,58004.505911,30.0,o,18.61,1593.08,00.57
00550,TA022N40,21.92946,39.32478,58004.506399,30.0,o,18.55,1593.08,00.57
00551,TA017N65,16.45460,64.31684,58004.506874,30.0,o,18.61,1593.08,00.57
00552,TA027N35,26.91707,34.29219,58004.507801,30.0,o,18.55,1599.17,00.58
00553,TA021N55,20.68086,54.34555,58004.508283,30.0,o,18.64,1599.17,00.58
00554,TA013N80,11.50719,79.40582,58004.509228,30.0,o,18.50,1599.17,00.58
00555,TA026N50,26.16072,49.33539,58004.509686,30.0,o,18.63,1604.20,00.58
00556,TA021N70,20.31375,69.39747,58004.510142,30.0,o,18.61,1604.26,00.58
00557,TA019N50,18.51877,49.28611,58004.510600,30.0,o,18.63,1604.26,00.58
00558,TA024N45,24.05516,44.32457,58004.511983,30.0,o,18.61,1604.26,00.58
00559,TA021N35,20.85542,34.26232,58004.512473,30.0,o,18.53,1604.26,00.58
00560,TA028N75,26.81103,74.43784,58004.513453,30.0,o,18.56,1604.26,00.58
00561,TA024N60,24.08136,59.36715,58004.513909,30.0,o,18.67,1604.36,00.58
00562,TA022N40,21.96903,39.28361,58004.514397,30.0,o,18.57,1604.36,00.58
00563,TA017N65,16.47280,64.37609,58004.514876,30.0,o,18.65,1604.36,00.58
00564,TA028N40,28.40993,39.32299,58004.515335,30.0,o,18.59,1604.36,00.58
00565,TA027N35,26.90698,34.31212,58004.515798,30.0,o,18.56,1604.36,00.58
00566,TA021N55,20.73033,54.30529,58004.516284,30.0,o,18.65,1604.36,00.58
00567,TA029N65,28.05944,64.37638,58004.517236,30.0,o,18.65,1622.04,00.59
00568,TA026N50,26.13761,49.35585,58004.517692,30.0,o,18.66,1622.04,00.59
00569,TA021N70,20.39714,69.35708,58004.518148,30.0,o,18.61,1622.04,00.59
00570,TA019N50,18.53590,49.34603,58004.518624,30.0,o,18.65,1622.04,00.59
00571,TA030N55,29.30419,54.34477,58004.519086,30.0,o,18.66,1646.54,00.61
00572,TA024N45,24.09448,44.28463,58004.520023,30.0,o,18.64,1646.54,00.61
00573,TA021N35,20.87575,34.32276,58004.520507,30.0,o,18.56,1646.54,00.61
00574,TA031N45,31.10314,44.31292,58004.521021,30.0,o,18.62,1646.54,00.61
00575,TA028N75,26.76814,74.45779,58004.521476,30.0,o,18.58,1646.54,00.61
00576,TA024N60,24.14044,59.32724,58004.521933,30.0,o,18.67,1646.54,00.61
00577,TA022N40,21.97909,39.34381,58004.522425,30.0,o,18.60,1646.54,00.61
00578,TA028N40,28.40008,39.34229,58004.523337,30.0,o,18.59,1646.54,00.61
00579,TA027N35,26.93682,34.27180,58004.523798,30.0,o,18.59,1646.64,00.61
00580,TA021N55,20.73971,54.36495,58004.524290,30.0,o,18.66,1646.64,00.61
00581,TA034N50,33.83927,49.33298,58004.524746,30.0,o,18.67,1653.25,00.61
00582,TA029N65,28.03816,64.39644,58004.525201,30.0,o,18.67,1653.25,00.61
00583,TA026N50,26.18703,49.31588,58004.525658,30.0,o,18.66,1653.25,00.61
00584,TA021N70,20.41576,69.41684,58004.526114,30.0,o,18.64,1653.25,00.61
00585,TA034N60,34.11323,59.34611,58004.526570,30.0,o,18.69,1673.08,00.64
00586,TA030N55,29.29376,54.36638,58004.527026,30.0,o,18.69,1673.08,00.64
00587,TA024N45,24.10400,44.34475,58004.527970,30.0,o,18.64,1673.08,00.64
00588,TA035N40,34.88206,39.32133,58004.528426,30.0,o,18.60,1673.08,00.64
00589,TA031N45,31.08525,44.33325,58004.528883,30.0,o,18.64,1673.08,00.64
00590,TA028N75,26.88679,74.41775,58004.529353,30.0,o,18.55,1673.08,00.64
00591,TA024N60,24.15032,59.38742,58004.529809,30.0,o,18.65,1673.08,00.64
00592,TA036N70,34.82146,69.38762,58004.530265,30.0,o,18.61,1673.50,00.64
00593,TA028N40,28.44012,39.30385,58004.531242,30.0,o,18.57,1673.50,00.64
00594,TA027N35,26.94721,34.33298,58004.531699,30.0,o,18.53,1673.50,00.64
00595,TA038N55,37.89689,54.32434,58004.532241,30.0,o,18.65,1686.51,00.66
00596,TA034N50,33.81964,49.35513,58004.532698,30.0,o,18.66,1686.51,00.66
00597,TA029N65,28.10774,64.35660,58004.533155,30.0,o,18.64,1686.56,00.66
00598,TA026N50,26.20719,49.37630,58004.533612,30.0,o,18.67,1686.56,00.66
00599,TA038N45,38.14650,44.31231,58004.534068,30.0,o,18.66,1686.56,00.66
00600,TA034N60,34.09225,59.36610,58004.534524,30.0,o,18.65,1686.61,00.66
00601,TA030N55,29.34305,54.32640,58004.534980,30.0,o,18.67,1686.61,00.66
00602,TA035N40,34.86197,39.34318,58004.536384,30.0,o,18.63,1686.61,00.66
00603,TA031N45,31.13400,44.29511,58004.536840,30.0,o,18.66,1686.61,00.66
00604,TA028N75,26.91423,74.47752,58004.537321,30.0,o,18.57,1686.61,00.66
00605,TA040N65,39.69930,64.32659,58004.537778,30.0,o,18.66,1699.62,00.67
00606,TA036N70,34.80066,69.40781,58004.538234,30.0,o,18.63,1699.62,00.67
00607,TA028N40,28.45011,39.36421,58004.539225,30.0,o,18.61,1699.62,00.67
00608,TA041N80,39.34961,79.42800,58004.539744,30.0,o,18.47,1699.62,00.67
00609,TA038N55,37.89083,54.34595,58004.540201,30.0,o,18.66,1699.62,00.67
00610,TA034N50,33.87179,49.31605,58004.540658,30.0,o,18.68,1699.67,00.67
00611,TA029N65,28.13030,64.41779,58004.541114,30.0,o,18.61,1699.67,00.67
00612,TA041N40,41.34414,39.31247,58004.541572,30.0,o,18.65,1700.46,00.67
00613,TA038N45,38.13733,44.33395,58004.542028,30.0,o,18.67,1700.46,00.67
00614,TA034N60,34.15218,59.32643,58004.542485,30.0,o,18.68,1700.46,00.67
00615,TA030N55,29.35379,54.38678,58004.542941,30.0,o,18.69,1700.46,00.67
00616,TA042N50,41.51267,49.30468,58004.543400,30.0,o,18.68,1701.83,00.67
00617,TA035N40,34.90152,39.30379,58004.544362,30.0,o,18.63,1701.83,00.67
00618,TA031N45,31.14415,44.35556,58004.544818,30.0,o,18.65,1701.83,00.67
00619,TA045N60,44.17754,59.31496,58004.545327,30.0,o,18.64,1703.50,00.68
00620,TA040N65,39.66540,64.34659,58004.545782,30.0,o,18.64,1703.50,00.68
00621,TA036N70,34.87615,69.36777,58004.546239,30.0,o,18.59,1703.50,00.68
00622,TA041N80,39.28593,79.44801,58004.547743,30.0,o,18.47,1703.50,00.68
00623,TA038N55,37.93974,54.30628,58004.548199,30.0,o,18.67,1703.50,00.68
00624,TA034N50,33.88168,49.37616,58004.548655,30.0,o,18.70,1703.50,00.68
00625,TA045N45,45.23047,44.29202,58004.549112,30.0,o,18.66,1705.97,00.68
00626,TA041N40,41.33420,39.33282,58004.549580,30.0,o,18.66,1705.97,00.68
00627,TA038N45,38.17680,44.29444,58004.550037,30.0,o,18.67,1705.97,00.68
00628,TA034N60,34.17173,59.38647,58004.550492,30.0,o,18.64,1705.97,00.68
00629,TA047N55,46.44129,54.27387,58004.550950,30.0,o,18.70,1709.96,00.68
00630,TA042N50,41.49252,49.32566,58004.551407,30.0,o,18.70,1709.96,00.68
00631,TA035N40,34.92167,39.36417,58004.552378,30.0,o,18.67,1709.96,00.68
00632,TA047N75,45.89718,74.32734,58004.552894,30.0,o,18.55,1709.96,00.68
00633,TA045N60,44.15980,59.33658,58004.553351,30.0,o,18.68,1709.96,00.68
00634,TA040N65,39.73628,64.30803,58004.553808,30.0,o,18.66,1709.96,00.68
00635,TA036N70,34.90673,69.42884,58004.554263,30.0,o,18.61,1709.96,00.68
00636,TA041N80,39.44965,79.40824,58004.555714,30.0,o,18.49,1709.96,00.68
00637,TA038N55,37.95911,54.36661,58004.556170,30.0,o,18.69,1709.96,00.68
00638,TA045N45,45.21013,44.31373,58004.557091,30.0,o,18.71,1709.96,00.68
00639,TA041N40,41.37346,39.29350,58004.557554,30.0,o,18.68,1710.01,00.68
00640,TA038N45,38.19652,44.35497,58004.558010,30.0,o,18.68,1710.01,00.68
00641,TA050N69,49.25952,69.26696,58004.558510,30.0,o,18.61,1710.01,00.68
00642,TA047N55,46.43153,54.29568,58004.558967,30.0,o,18.69,1710.01,00.68
00643,TA042N50,41.54253,49.28598,58004.559423,30.0,o,18.66,1710.01,00.68
00644,TA052N64,51.26242,64.23566,58004.560489,30.0,o,18.66,1710.01,00.68
00645,TA047N75,45.85396,74.34784,58004.560945,30.0,o,18.57,1710.01,00.68
00646,TA045N60,44.21839,59.29718,58004.561402,30.0,o,18.67,1710.01,00.68
00647,TA040N65,39.76519,64.36825,58004.561859,30.0,o,18.66,1710.01,00.68
00648,TA041N80,39.48649,79.46792,58004.563762,30.0,o,18.48,1710.01,00.68
00649,TA045N45,45.24942,44.27453,58004.565140,30.0,o,18.68,1710.17,00.68
00650,TA041N40,41.38351,39.35394,58004.565602,30.0,o,18.66,1710.22,00.68
00651,TA055N59,54.29236,59.26476,58004.566125,30.0,o,18.65,1717.93,00.68
00652,TA050N69,49.22845,69.28725,58004.566581,30.0,o,18.60,1717.93,00.68
00653,TA047N55,46.48059,54.25623,58004.567037,30.0,o,18.64,1717.93,00.68
00654,TA042N50,41.55235,49.34621,58004.567494,30.0,o,18.65,1717.93,00.68
00655,TA052N64,51.24263,64.25649,58004.568440,30.0,o,18.62,1717.93,00.68
00656,TA047N75,45.96094,74.30827,58004.568897,30.0,o,18.50,1717.93,00.68
00657,TA045N60,44.23760,59.35772,58004.569353,30.0,o,18.64,1717.93,00.68
00658,TA045N45,45.27033,44.33510,58004.573185,30.0,o,18.70,1717.98,00.68
00659,TA055N59,54.27858,59.28645,58004.574143,30.0,o,18.69,1717.98,00.68
00660,TA050N69,49.32216,69.24919,58004.574599,30.0,o,18.53,1717.98,00.68
00661,TA047N55,46.49333,54.31699,58004.575055,30.0,o,18.61,1717.98,00.68
00662,TA052N64,51.31496,64.21747,58004.576433,30.0,o,18.64,1717.98,00.68
00663,TA047N75,46.00454,74.36841,58004.576889,30.0,o,18.59,1717.98,00.68
00664,TA055N59,54.33678,59.24711,58004.582086,30.0,o,18.69,1718.09,00.68
00665,TA050N69,49.35044,69.31954,58004.582543,30.0,o,18.59,1718.09,00.68
00666,TA052N64,51.33327,64.27805,58004.584371,30.0,o,18.66,1718.09,00.68
00667,TA055N59,54.35803,59.30798,58004.590145,30.0,o,18.70,1718.14,00.68
00668,TA013N24,13.88646,24.75009,58005.504363,30.0,o,18.30,1718.14,00.68
00669,TA015N34,15.60605,34.74152,58005.504856,30.0,o,18.36,1718.14,00.68
00670,TA014N30,14.55805,29.74859,58005.505314,30.0,o,18.32,1718.14,00.68
00671,TA018N20,18.75933,19.72625,58005.505822,30.0,o,18.15,1718.14,00.68
00672,TA019N30,19.98033,29.88160,58005.506617,30.0,o,18.24,1718.14,00.68
00673,TA019N25,19.07377,24.88528,58005.507083,30.0,o,18.20,1718.14,00.68
00674,TA023N20,23.82384,19.85921,58005.507541,30.0,o,17.88,1718.14,00.68
00675,TA017N15,17.96215,14.88044,58005.508075,30.0,o,17.94,1718.14,00.68
00676,TA017N15,17.95225,14.90140,58005.508532,30.0,o,17.93,1718.14,00.68
00677,TA013N24,13.87572,24.79139,58005.514275,30.0,o,18.32,1718.14,00.68
00678,TA014N30,14.54833,29.78957,58005.515269,30.0,o,18.40,1718.14,00.68
00679,TA015N34,15.59690,34.78447,58005.515727,30.0,o,18.37,1718.14,00.68
00680,TA019N30,20.26869,29.76942,58005.516217,30.0,o,18.32,1718.14,00.68
00681,TA024N25,24.51310,24.90414,58005.516969,30.0,o,18.20,1718.14,00.68
00682,TA015N34,15.63536,34.74892,58005.517662,30.0,o,18.41,1718.14,00.68
00683,TA014N30,14.58672,29.75631,58005.518579,30.0,o,18.40,1718.14,00.68
00684,TA019N25,19.32629,24.78175,58005.519559,30.0,o,18.29,1718.14,00.68
00685,TA013N24,13.90424,24.76328,58005.520016,30.0,o,18.32,1718.14,00.68
00686,TA013N24,13.91483,24.82416,58005.520475,30.0,o,18.30,1718.14,00.68
00687,TA018N20,18.74824,19.77755,58005.520971,30.0,o,18.19,1718.14,00.68
00688,TA023N20,24.04966,19.75909,58005.521429,30.0,o,17.88,1718.14,00.68
00689,TA018N20,18.78786,19.73932,58005.521886,30.0,o,18.15,1718.14,00.68
00690,TA017N15,18.18295,14.74516,58005.523315,30.0,o,17.94,1718.14,00.68
00691,TA029N20,29.11613,19.87246,58005.524178,30.0,o,17.85,1718.14,00.68
00692,TA029N25,29.98075,24.87969,58005.524673,30.0,o,18.23,1718.14,00.68
00693,TA031N30,31.42530,29.87451,58005.525138,30.0,o,18.29,1718.14,00.68
00694,TA024N25,24.52520,24.90085,58005.525631,30.0,o,18.15,1718.14,00.68
00695,TA025N30,25.70155,29.90707,58005.526095,30.0,o,18.24,1718.14,00.68
00696,TA029N20,29.10591,19.89692,58005.526603,30.0,o,17.85,1718.14,00.68
00697,TA031N30,31.41595,29.89841,58005.527139,30.0,o,18.33,1718.14,00.68
00698,TA029N25,29.97096,24.90546,58005.527604,30.0,o,18.27,1718.14,00.68
00699,TA037N30,37.14815,29.86015,58005.528126,30.0,o,18.32,1718.14,00.68
00700,TA035N25,35.43543,24.86835,58005.528584,30.0,o,18.28,1718.14,00.68
00701,TA017N15,18.19316,14.82199,58005.531381,30.0,o,18.03,1718.14,00.68
00702,TA018N20,18.79886,19.81956,58005.531876,30.0,o,18.17,1718.14,00.68
00703,TA023N20,24.08032,19.74086,58005.532334,30.0,o,17.88,1718.14,00.68
00704,TA019N25,19.36682,24.82830,58005.532793,30.0,o,18.24,1718.14,00.68
00705,TA019N25,19.35613,24.76924,58005.533250,30.0,o,18.27,1718.14,00.68
00706,TA024N25,24.80792,24.74963,58005.533714,30.0,o,18.21,1718.14,00.68
00707,TA014N30,14.59742,29.84801,58005.534236,30.0,o,18.32,1718.14,00.68
00708,TA019N30,20.29912,29.76673,58005.534694,30.0,o,18.34,1718.14,00.68
00709,TA015N34,15.64677,34.84447,58005.535183,30.0,o,18.35,1718.14,00.68
00710,TA025N30,26.03004,29.75723,58005.535691,30.0,o,18.33,1718.14,00.68
00711,TA025N30,25.99042,29.79834,58005.536148,30.0,o,18.33,1718.14,00.68
00712,TA031N30,31.45122,29.87789,58005.536860,30.0,o,18.34,1718.14,00.68
00713,TA035N25,35.46016,24.86537,58005.537317,30.0,o,18.31,1718.14,00.68
00714,TA025N30,25.74612,29.97047,58005.537776,30.0,o,18.33,1718.14,00.68
00715,TA019N30,20.30902,29.83589,58005.538471,30.0,o,18.35,1718.14,00.68
00716,TA029N25,30.26857,24.74106,58005.538979,30.0,o,18.26,1718.14,00.68
00717,TA024N25,24.82804,24.82240,58005.539437,30.0,o,18.24,1718.14,00.68
00718,TA029N20,29.14061,19.88355,58005.540752,30.0,o,17.84,1718.14,00.68
00719,TA029N20,29.15065,19.94440,58005.541212,30.0,o,17.86,1718.14,00.68
00720,TA023N20,24.08963,19.82184,58005.542122,30.0,o,17.90,1718.14,00.68
00721,TA035N25,35.43408,24.92168,58005.546290,30.0,o,18.29,1718.14,00.68
00722,TA037N30,37.14877,29.91511,58005.546755,30.0,o,18.29,1718.14,00.68
00723,TA029N25,30.01916,24.97933,58005.555126,30.0,o,18.24,1718.14,00.68
00724,TA035N25,35.47632,24.96024,58005.555582,30.0,o,18.26,1718.14,00.68
00725,TA031N30,31.47675,29.97483,58005.556039,30.0,o,18.34,1718.14,00.68
00726,TA037N30,37.20234,29.95415,58005.556497,30.0,o,18.32,1718.14,00.68
00727,TA037N30,37.19266,29.89601,58005.557413,30.0,o,18.32,1718.14,00.68
00728,TA047N55,48.42542,54.86755,58006.592644,30.0,o,18.39,1721.65,00.68
00729,TA042N50,43.83637,49.72979,58006.593342,30.0,o,18.32,1721.65,00.68
00730,TA047N75,50.06391,74.91680,58006.594913,30.0,o,18.23,1721.65,00.68
00731,TA045N60,46.50660,59.88683,58006.595371,30.0,o,18.24,1721.65,00.68
00732,TA040N65,43.23205,64.81828,58006.596003,30.0,o,18.29,1721.65,00.68
00733,TA052N64,53.91705,64.78695,58006.596628,30.0,o,18.36,1721.65,00.68
00734,TA045N45,46.90129,44.86852,58006.600042,30.0,o,18.39,1724.85,00.68
00735,TA041N40,43.28915,39.81817,58006.600675,30.0,o,18.36,1729.10,00.68
00736,TA055N59,56.54982,59.81186,58006.601309,30.0,o,18.36,1732.51,00.68
00737,TA050N69,52.47600,69.85666,58006.601767,30.0,o,18.40,1732.51,00.68
00738,TA047N55,48.49364,54.84835,58006.602226,30.0,o,18.32,1732.62,00.68
00739,TA042N50,43.85643,49.80973,58006.602925,30.0,o,18.33,1732.62,00.68
00740,TA047N75,50.19281,74.89591,58006.604799,30.0,o,18.22,1732.62,00.68
00741,TA045N60,47.18390,59.80516,58006.605440,30.0,o,18.27,1732.62,00.68
00742,TA052N64,53.90689,64.82751,58006.606532,30.0,o,18.35,1732.62,00.68
00743,TA045N45,47.34474,44.79413,58006.610057,30.0,o,18.29,1733.46,00.68
00744,TA055N59,56.54753,59.85345,58006.611178,30.0,o,18.36,1733.46,00.68
00745,TA050N69,52.57536,69.83694,58006.611636,30.0,o,18.33,1733.46,00.68
00746,TA047N55,49.06830,54.76936,58006.612268,30.0,o,18.40,1734.51,00.68
00747,TA047N75,51.53889,74.81003,58006.614452,30.0,o,18.21,1734.51,00.68
00748,TA066N74,68.80895,74.75277,58006.615093,30.0,o,18.16,1753.28,00.68
00749,TA052N64,53.98992,64.79689,58006.616008,30.0,o,18.34,1753.28,00.68
00750,TA064N69,66.76869,69.74860,58006.617398,30.0,o,18.25,1771.28,00.68
00751,TA055N59,56.61685,59.83267,58006.620532,30.0,o,18.38,1771.38,00.68
00752,TA050N69,53.57382,69.75169,58006.621171,30.0,o,18.35,1771.38,00.68
00753,TA066N74,68.78673,74.79319,58006.624520,30.0,o,18.27,1771.49,00.68
00754,TA052N64,54.78708,64.71351,58006.625638,30.0,o,18.36,1771.49,00.68
00755,TA064N69,66.75774,69.78759,58006.626729,30.0,o,18.30,1771.49,00.68
00756,TA055N59,57.28190,59.74925,58006.630097,30.0,o,18.31,1772.59,00.68
00757,TA066N74,68.92471,74.77086,58006.633806,30.0,o,18.05,1772.75,00.68
00758,TA064N69,67.82447,69.60138,58006.635808,30.0,o,18.10,1775.00,00.68
00759,TA066N74,68.99213,74.84692,58006.642031,30.0,o,17.30,1775.26,00.68
00760,TA064N69,66.90558,69.84151,58006.643972,30.0,o,17.08,1775.26,00.68
00761,TA013N24,14.42770,24.19237,58007.521146,30.0,o,19.03,1775.26,00.68
00762,TA017N15,18.73965,14.17059,58007.525329,30.0,o,18.97,1775.26,00.68
00763,TA017N10,18.51004,9.16792,58007.525820,30.0,o,18.98,1775.26,00.68
00764,TA013N24,14.43809,24.17062,58007.526391,30.0,o,19.03,1775.26,00.68
00765,TA015N34,16.16747,34.17284,58007.526888,30.0,o,19.06,1775.26,00.68
00766,TA014N30,15.10787,29.17286,58007.527343,30.0,o,19.04,1775.26,00.68
00767,TA018N20,19.31993,19.17062,58007.527859,30.0,o,18.98,1775.26,00.68
00768,TA019N30,20.83009,29.18226,58007.528355,30.0,o,19.01,1775.26,00.68
00769,TA019N25,19.89007,24.18145,58007.528811,30.0,o,19.01,1775.26,00.68
00770,TA022N10,23.58274,9.16660,58007.529365,30.0,o,18.96,1775.53,00.68
00771,TA017N10,18.50168,9.18580,58007.529821,30.0,o,18.98,1775.53,00.68
00772,TA023N15,23.88333,14.17822,58007.530306,30.0,o,18.95,1775.53,00.68
00773,TA017N15,18.73156,14.18785,58007.530762,30.0,o,18.98,1775.53,00.68
00774,TA018N20,19.30911,19.19057,58007.533058,30.0,o,18.99,1775.53,00.68
00775,TA013N24,14.45651,24.15042,58007.533984,30.0,o,19.02,1775.53,00.68
00776,TA014N30,15.13598,29.15340,58007.535421,30.0,o,19.05,1775.53,00.68
00777,TA014N30,15.09610,29.19344,58007.536360,30.0,o,19.03,1775.53,00.68
00778,TA015N34,16.14550,34.19358,58007.536816,30.0,o,19.05,1775.53,00.68
00779,TA019N30,20.81819,29.20373,58007.537289,30.0,o,18.99,1775.53,00.68
00780,TA015N34,16.18651,34.15338,58007.537759,30.0,o,19.03,1775.53,00.68
00781,TA015N34,16.19648,34.21341,58007.538288,30.0,o,19.03,1775.53,00.68
00782,TA019N25,19.87859,24.20234,58007.538744,30.0,o,19.05,1775.53,00.68
00783,TA014N30,15.14716,29.21254,58007.539201,30.0,o,19.05,1775.53,00.68
00784,TA019N25,19.90851,24.16201,58007.539657,30.0,o,19.04,1775.53,00.68
00785,TA013N24,14.46768,24.21140,58007.540165,30.0,o,19.06,1775.53,00.68
00786,TA023N20,24.61111,19.20140,58007.540705,30.0,o,18.95,1775.53,00.68
00787,TA018N20,19.34991,19.15062,58007.541161,30.0,o,18.99,1775.53,00.68
00788,TA017N15,18.75923,14.15002,58007.542531,30.0,o,18.99,1775.53,00.68
00789,TA023N15,23.87076,14.20045,58007.542988,30.0,o,18.96,1775.53,00.68
00790,TA017N10,18.53027,9.14818,58007.543526,30.0,o,18.98,1775.53,00.68
00791,TA028N15,29.02322,14.19053,58007.544053,30.0,o,18.92,1778.10,00.68
00792,TA022N10,23.57172,9.18785,58007.544551,30.0,o,18.96,1778.10,00.68
00793,TA027N10,28.65361,9.17790,58007.545007,30.0,o,18.91,1782.34,00.68
00794,TA025N30,26.55179,29.19212,58007.545606,30.0,o,18.98,1782.34,00.68
00795,TA024N25,25.34139,24.19192,58007.546063,30.0,o,18.96,1782.34,00.68
00796,TA023N20,24.62119,19.18111,58007.546520,30.0,o,18.96,1782.34,00.68
00797,TA029N25,30.80337,24.20226,58007.546977,30.0,o,18.91,1782.87,00.68
00798,TA031N30,32.28428,29.20240,58007.547434,30.0,o,18.94,1782.87,00.68
00799,TA029N20,29.91345,19.19106,58007.547930,30.0,o,18.91,1785.23,00.68
00800,TA027N10,28.64571,9.19379,58007.548884,30.0,o,18.89,1785.23,00.68
00801,TA022N10,23.60436,9.14338,58007.549881,30.0,o,18.97,1785.28,00.68
00802,TA028N15,29.01561,14.20617,58007.550380,30.0,o,18.91,1785.28,00.68
00803,TA017N10,18.54221,9.20584,58007.550935,30.0,o,18.98,1785.28,00.68
00804,TA023N15,23.90223,14.15845,58007.551475,30.0,o,18.94,1785.28,00.68
00805,TA017N15,18.77111,14.20845,58007.551943,30.0,o,18.98,1785.28,00.68
00806,TA018N20,19.35980,19.21013,58007.552398,30.0,o,18.99,1785.28,00.68
00807,TA023N20,24.64045,19.16056,58007.552854,30.0,o,18.97,1785.28,00.68
00808,TA029N20,29.90244,19.21114,58007.553312,30.0,o,18.93,1785.28,00.68
00809,TA019N25,19.91837,24.22040,58007.553781,30.0,o,19.00,1785.28,00.68
00810,TA024N25,25.35939,24.17087,58007.554237,30.0,o,18.97,1785.28,00.68
00811,TA019N30,20.85800,29.22181,58007.554736,30.0,o,19.01,1785.28,00.68
00812,TA019N30,20.84796,29.16180,58007.555191,30.0,o,19.01,1785.28,00.68
00813,TA024N25,25.32944,24.21215,58007.555647,30.0,o,19.00,1785.28,00.68
00814,TA025N30,26.53947,29.21233,58007.556104,30.0,o,18.97,1785.28,00.68
00815,TA031N30,32.27270,29.22298,58007.556560,30.0,o,18.94,1785.28,00.68
00816,TA029N25,30.79234,24.22243,58007.557019,30.0,o,18.90,1785.28,00.68
00817,TA025N30,26.58054,29.17210,58007.557488,30.0,o,18.94,1785.28,00.68
00818,TA025N30,26.59049,29.23204,58007.557944,30.0,o,18.96,1785.28,00.68
00819,TA029N25,30.82230,24.18242,58007.558415,30.0,o,18.93,1785.39,00.68
00820,TA024N25,25.38053,24.23166,58007.558902,30.0,o,18.97,1785.39,00.68
00821,TA029N20,29.93278,19.17109,58007.559843,30.0,o,18.91,1785.39,00.68
00822,TA023N20,24.65075,19.22062,58007.560359,30.0,o,18.95,1785.39,00.68
00823,TA023N15,23.91071,14.21952,58007.560816,30.0,o,18.96,1785.39,00.68
00824,TA028N15,29.04168,14.16994,58007.561286,30.0,o,18.89,1785.49,00.68
00825,TA022N10,23.61135,9.20829,58007.561827,30.0,o,18.94,1785.49,00.68
00826,TA027N10,28.67259,9.15798,58007.562865,30.0,o,18.90,1785.54,00.68
00827,TA037N30,38.01602,29.20213,58007.565300,30.0,o,18.89,1788.48,00.68
00828,TA035N25,36.26524,24.21205,58007.565756,30.0,o,18.86,1793.10,00.68
00829,TA027N10,28.68388,9.21660,58007.570831,30.0,o,18.91,1793.26,00.68
00830,TA029N20,29.94392,19.22900,58007.572856,30.0,o,18.92,1793.36,00.68
00831,TA029N25,30.83387,24.23888,58007.574860,30.0,o,18.93,1793.36,00.68
00832,TA035N25,36.28507,24.18948,58007.575317,30.0,o,18.88,1793.36,00.68
00833,TA031N30,32.32414,29.24002,58007.575803,30.0,o,18.95,1793.36,00.68
00834,TA031N30,32.30421,29.18001,58007.576259,30.0,o,18.95,1793.36,00.68
00835,TA035N25,36.25517,24.23019,58007.576743,30.0,o,18.88,1793.36,00.68
00836,TA037N30,38.00584,29.22060,58007.577199,30.0,o,18.88,1793.36,00.68
00837,TA037N30,38.04614,29.18034,58007.578138,30.0,o,18.90,1793.52,00.68
00838,TA037N30,38.05614,29.24036,58007.578896,30.0,o,18.90,1793.57,00.68
00839,TA035N25,36.29534,24.24961,58007.579844,30.0,o,18.88,1793.57,00.68
00840,TA017N05,17.28678,4.94757,58008.469028,30.0,o,18.57,1793.62,00.68
00841,TA017N05,17.27780,4.98047,58008.475753,30.0,o,18.49,1793.62,00.68
00842,TA022N05,22.27646,4.93609,58008.476678,30.0,o,18.59,1793.62,00.68
00843,TA012S00,12.34460,0.03419,58008.480115,30.0,o,18.79,1799.45,00.68
00844,TA017N05,17.30897,4.95445,58008.483044,30.0,o,18.80,1799.45,00.68
00845,TA022N05,22.26762,4.96945,58008.483509,30.0,o,18.56,1799.45,00.68
00846,TA017N05,17.31993,5.02792,58008.489925,30.0,o,18.76,1799.45,00.68
00847,TA022N05,22.29906,4.94341,58008.491000,30.0,o,18.80,1799.45,00.68
00848,TA017S00,17.35527,0.03056,58008.491946,30.0,o,18.82,1799.45,00.68
00849,TA022N05,22.30990,5.01635,58008.497795,30.0,o,18.78,1799.45,00.68
00850,TA014N30,15.33788,29.73280,58009.483728,30.0,o,19.06,1799.45,00.68
00851,TA015N34,16.08784,34.88050,58009.484423,30.0,o,19.09,1799.45,00.68
00852,TA013N24,14.36291,24.88757,58009.484917,30.0,o,19.08,1799.45,00.68
00853,TA015N34,16.41608,34.76666,58009.493459,30.0,o,19.08,1799.45,00.68
00854,TA014N30,15.31845,29.77402,58009.493921,30.0,o,19.04,1799.45,00.68
00855,TA013N24,14.61690,24.78310,58009.496314,30.0,o,19.05,1799.45,00.68
00856,TA017N15,18.85503,14.74653,58009.500075,30.0,o,19.06,1799.45,00.68
00857,TA017N10,18.58284,9.76809,58009.500540,30.0,o,19.03,1799.45,00.68
00858,TA017N10,18.59267,9.74888,58009.500998,30.0,o,19.05,1799.45,00.68
00859,TA019N25,20.07749,24.75258,58009.501535,30.0,o,19.05,1799.45,00.68
00860,TA019N30,21.04902,29.74793,58009.502001,30.0,o,19.02,1799.45,00.68
00861,TA018N20,19.47997,19.74818,58009.502496,30.0,o,19.05,1799.45,00.68
00862,TA023N20,24.53600,19.87604,58009.503393,30.0,o,19.05,1799.45,00.68
00863,TA024N25,25.26069,24.88420,58009.503887,30.0,o,19.04,1799.45,00.68
00864,TA025N30,26.47575,29.88070,58009.504353,30.0,o,19.00,1799.45,00.68
00865,TA022N10,23.48587,9.87261,58009.505005,30.0,o,19.01,1799.45,00.68
00866,TA022N10,23.47588,9.89355,58009.505462,30.0,o,18.99,1799.45,00.68
00867,TA023N15,23.79079,14.88424,58009.505920,30.0,o,18.97,1799.45,00.68
00868,TA017N10,18.43738,9.88316,58009.506380,30.0,o,19.02,1799.45,00.68
00869,TA017N15,18.64310,14.92432,58009.506846,30.0,o,19.03,1799.45,00.68
00870,TA017N15,18.67300,14.88508,58009.507303,30.0,o,19.02,1799.45,00.68
00871,TA018N20,19.47021,19.78118,58009.509039,30.0,o,19.04,1799.45,00.68
00872,TA013N24,14.65672,24.82931,58009.509496,30.0,o,19.05,1799.45,00.68
00873,TA013N24,14.64607,24.77034,58009.509955,30.0,o,19.05,1799.45,00.68
00874,TA019N25,20.06811,24.79238,58009.511058,30.0,o,19.04,1799.45,00.68
00875,TA014N30,15.35905,29.77111,58009.512068,30.0,o,19.03,1799.45,00.68
00876,TA015N34,16.44809,34.76555,58009.512530,30.0,o,19.04,1799.45,00.68
00877,TA019N30,21.04061,29.79095,58009.513010,30.0,o,19.04,1799.45,00.68
00878,TA025N30,26.46100,29.91971,58009.513721,30.0,o,19.03,1799.45,00.68
00879,TA015N34,16.46754,34.82963,58009.514374,30.0,o,19.03,1799.45,00.68
00880,TA024N25,25.51890,24.77969,58009.514897,30.0,o,19.02,1799.45,00.68
00881,TA019N30,21.07971,29.75513,58009.515377,30.0,o,19.05,1799.45,00.68
00882,TA014N30,15.36958,29.83825,58009.515834,30.0,o,19.02,1799.45,00.68
00883,TA019N25,20.09763,24.76318,58009.516341,30.0,o,19.02,1799.45,00.68
00884,TA023N20,24.76104,19.77760,58009.516806,30.0,o,19.01,1799.45,00.68
00885,TA018N20,19.49917,19.75802,58009.517264,30.0,o,19.03,1799.45,00.68
00886,TA018N20,19.50969,19.81893,58009.517723,30.0,o,19.03,1799.45,00.68
00887,TA017N15,18.88416,14.82295,58009.518224,30.0,o,19.04,1799.45,00.68
00888,TA023N15,24.01571,14.74518,58009.518682,30.0,o,19.03,1799.45,00.68
00889,TA017N10,18.62086,9.82574,58009.519187,30.0,o,19.02,1799.45,00.68
00890,TA023N15,23.98608,14.78711,58009.519681,30.0,o,18.99,1799.45,00.68
00891,TA022N10,23.68290,9.73943,58009.520147,30.0,o,18.98,1799.45,00.68
00892,TA028N15,28.93297,14.89575,58009.520915,30.0,o,19.01,1799.45,00.68
00893,TA027N10,28.54778,9.90684,58009.521380,30.0,o,18.97,1799.45,00.68
00894,TA027N10,28.55765,9.88768,58009.521838,30.0,o,18.96,1799.45,00.68
00895,TA029N20,29.82724,19.89453,58009.522361,30.0,o,18.94,1799.45,00.68
00896,TA031N30,32.19741,29.89645,58009.522899,30.0,o,18.96,1799.45,00.68
00897,TA029N25,30.72250,24.90338,58009.523365,30.0,o,18.99,1799.45,00.68
00898,TA035N25,36.17707,24.88497,58009.523824,30.0,o,19.00,1799.45,00.68
00899,TA037N30,37.93058,29.87839,58009.524315,30.0,o,18.98,1799.60,00.68
00900,TA027N10,28.57707,9.87788,58009.526836,30.0,o,18.99,1799.60,00.68
00901,TA028N15,28.92261,14.92840,58009.527302,30.0,o,18.93,1799.60,00.68
00902,TA022N10,23.51853,9.95784,58009.527760,30.0,o,19.01,1799.60,00.68
00903,TA028N15,28.95290,14.89027,58009.528219,30.0,o,18.83,1799.60,00.68
00904,TA023N15,23.82452,14.96957,58009.528677,30.0,o,19.02,1799.60,00.68
00905,TA023N20,24.57052,19.96762,58009.529143,30.0,o,19.00,1799.60,00.68
00906,TA023N20,24.56043,19.90863,58009.529600,30.0,o,19.02,1799.60,00.68
00907,TA029N20,29.81856,19.93052,58009.530058,30.0,o,18.92,1799.60,00.68
00908,TA019N25,20.10745,24.85312,58009.530873,30.0,o,19.07,1799.60,00.68
00909,TA024N25,25.54899,24.77332,58009.531331,30.0,o,19.04,1799.60,00.68
00910,TA019N30,21.09028,29.84921,58009.531852,30.0,o,19.06,1799.60,00.68
00911,TA025N30,26.80141,29.76796,58009.532309,30.0,o,19.00,1799.60,00.68
00912,TA029N25,30.98021,24.79582,58009.532789,30.0,o,18.98,1799.60,00.68
00913,TA031N30,32.49182,29.78790,58009.533255,30.0,o,18.97,1799.60,00.68
00914,TA037N30,37.92774,29.91716,58009.533950,30.0,o,19.00,1799.66,00.68
00915,TA035N25,36.17275,24.92584,58009.534430,30.0,o,19.01,1799.66,00.68
00916,TA031N30,32.23341,29.89972,58009.534888,30.0,o,19.03,1799.66,00.68
00917,TA025N30,26.51767,29.98234,58009.535346,30.0,o,19.03,1799.66,00.68
00918,TA029N25,30.74694,24.90811,58009.535804,30.0,o,19.01,1799.66,00.68
00919,TA024N25,25.55928,24.84487,58009.536610,30.0,o,19.02,1799.66,00.68
00920,TA029N20,29.85171,19.90511,58009.537907,30.0,o,18.94,1799.66,00.68
00921,TA029N20,29.86185,19.96603,58009.538366,30.0,o,19.01,1799.66,00.68
00922,TA028N15,28.96577,14.97035,58009.538831,30.0,o,18.98,1799.66,00.68
00923,TA027N10,28.58978,9.96297,58009.539747,30.0,o,18.99,1799.66,00.68
00924,TA029N25,31.02057,24.85500,58009.551770,30.0,o,18.98,1799.66,00.68
00925,TA035N25,36.47130,24.77550,58009.552227,30.0,o,18.98,1800.39,00.68
00926,TA031N30,32.54304,29.84789,58009.552707,30.0,o,19.01,1800.39,00.68
00927,TA037N30,38.26286,29.76683,58009.553164,30.0,o,18.96,1801.33,00.68
00928,TA037N30,37.97584,29.97876,58009.555290,30.0,o,18.98,1801.33,00.68
00929,TA035N25,36.21907,24.98837,58009.556205,30.0,o,18.98,1801.33,00.68
00930,TA012S00,12.34136,0.08807,58010.462759,30.0,o,19.36,1801.33,00.68
00931,TA009N75,9.72650,74.86550,58010.463664,30.0,o,18.86,1801.33,00.68
00932,TA012S00,12.33089,0.10834,58010.463672,30.0,o,19.34,1802.02,00.68
00933,TA009N75,9.76627,74.84640,58010.464123,30.0,o,18.84,1802.02,00.68
00934,TA017N05,17.29256,5.10751,58010.465951,30.0,o,19.36,1802.07,00.68
00935,TA017S00,17.34106,0.10882,58010.466463,30.0,o,19.36,1802.07,00.68
00936,TA017N05,17.30248,5.08829,58010.466920,30.0,o,19.38,1802.07,00.68
00937,TA022N05,22.29323,5.08687,58010.467846,30.0,o,19.34,1802.07,00.68
00938,TA017S00,17.35186,0.08844,58010.468304,30.0,o,19.34,1802.07,00.68
00939,TA012S00,12.36154,0.06873,58010.472302,30.0,o,19.37,1802.07,00.68
00940,TA012S00,12.37219,0.12941,58010.476855,30.0,o,19.35,1802.07,00.68
00941,TA017N05,17.32370,5.06889,58010.479815,30.0,o,19.34,1802.07,00.68
00942,TA022N05,22.28356,5.10751,58010.480270,30.0,o,19.31,1802.07,00.68
00943,TA017S00,17.37248,0.07052,58010.481894,30.0,o,19.38,1802.07,00.68
00944,TA009N75,11.14632,74.69965,58010.482270,30.0,o,18.79,1802.07,00.68
00945,TA017N65,17.70291,64.88095,58010.482903,30.0,o,18.85,1802.07,00.68
00946,TA009N75,9.91203,74.92580,58010.483360,30.0,o,18.75,1802.07,00.68
00947,TA021N70,21.86999,69.91120,58010.483818,30.0,o,18.81,1802.07,00.68
00948,TA021N35,21.54286,34.80795,58010.485215,30.0,o,19.06,1802.07,00.68
00949,TA017N05,17.33407,5.12922,58010.486655,30.0,o,19.36,1802.07,00.68
00950,TA022N40,22.70163,39.82635,58010.487047,30.0,o,19.01,1802.07,00.68
00951,TA022N05,22.32451,5.06865,58010.487766,30.0,o,19.32,1802.07,00.68
00952,TA019N50,19.35973,49.87979,58010.488419,30.0,o,18.97,1802.07,00.68
00953,TA017S00,17.38323,0.13036,58010.488721,30.0,o,19.30,1802.07,00.68
00954,TA019N50,19.38065,49.86166,58010.489338,30.0,o,19.03,1802.07,00.68
00955,TA021N55,21.68494,54.86413,58010.491051,30.0,o,18.89,1802.07,00.68
00956,TA017N65,18.45744,64.75953,58010.492597,30.0,o,18.92,1802.07,00.68
00957,TA017N65,17.76688,64.88287,58010.493695,30.0,o,18.84,1802.07,00.68
00958,TA021N55,21.67091,54.89129,58010.494153,30.0,o,18.93,1802.07,00.68
00959,TA026N50,27.04265,49.85263,58010.495069,30.0,o,18.97,1802.07,00.68
00960,TA024N45,24.89007,44.83413,58010.495986,30.0,o,19.01,1802.07,00.68
00961,TA019N50,19.41947,49.85605,58010.496445,30.0,o,18.98,1802.07,00.68
00962,TA024N45,24.87067,44.85599,58010.496903,30.0,o,19.02,1802.07,00.68
00963,TA022N40,22.69920,39.86854,58010.498689,30.0,o,19.02,1802.07,00.68
00964,TA027N35,27.62116,34.82367,58010.500066,30.0,o,19.05,1802.70,00.68
00965,TA021N35,21.53995,34.85748,58010.500526,30.0,o,19.08,1802.70,00.68
00966,TA021N35,21.57991,34.81809,58010.500984,30.0,o,19.03,1802.70,00.68
00967,TA021N70,22.83567,69.80480,58010.502547,30.0,o,18.86,1802.70,00.68
00968,TA028N75,28.77557,74.96127,58010.503237,30.0,o,18.77,1802.70,00.68
00969,TA021N55,21.73144,54.87031,58010.504154,30.0,o,18.93,1802.70,00.68
00970,TA017N65,17.79946,64.96451,58010.504612,30.0,o,18.87,1802.70,00.68
00971,TA028N40,29.16470,39.84724,58010.505070,30.0,o,18.98,1802.70,00.68
00972,TA021N70,21.97013,69.93547,58010.506001,30.0,o,18.82,1802.70,00.68
00973,TA029N65,29.33729,64.90648,58010.506934,30.0,o,18.85,1802.70,00.68
00974,TA026N50,27.04373,49.89701,58010.507392,30.0,o,18.98,1802.70,00.68
00975,TA022N40,22.74732,39.84801,58010.507850,30.0,o,19.01,1802.70,00.68
00976,TA019N50,19.44687,49.93963,58010.508309,30.0,o,18.93,1802.70,00.68
00977,TA027N35,27.61907,34.86245,58010.509235,30.0,o,19.03,1802.70,00.68
00978,TA024N45,24.91802,44.84083,58010.509693,30.0,o,18.96,1802.70,00.68
00979,TA021N35,21.59631,34.89680,58010.510157,30.0,o,19.02,1802.70,00.68
00980,TA031N45,31.91451,44.83471,58010.510651,30.0,o,18.97,1802.70,00.68
00981,TA028N75,28.73557,74.99877,58010.511108,30.0,o,18.71,1802.70,00.68
00982,TA021N55,21.75239,54.94656,58010.512023,30.0,o,18.92,1802.70,00.68
00983,TA033N35,33.70118,34.81635,58010.512480,30.0,o,19.00,1809.88,00.68
00984,TA028N40,29.15918,39.88293,58010.512938,30.0,o,19.01,1809.88,00.68
00985,TA021N70,22.01128,70.01099,58010.513870,30.0,o,18.82,1809.88,00.68
00986,TA034N50,34.72109,49.84963,58010.514328,30.0,o,18.94,1809.88,00.68
00987,TA029N65,29.32158,64.94224,58010.514784,30.0,o,18.84,1809.88,00.68
00988,TA026N50,27.09041,49.87237,58010.515241,30.0,o,18.95,1809.88,00.68
00989,TA022N40,22.76093,39.92338,58010.515699,30.0,o,19.01,1809.88,00.68
00990,TA027N35,27.66298,34.83774,58010.517119,30.0,o,19.05,1809.88,00.68
00991,TA024N45,24.94309,44.91625,58010.517577,30.0,o,18.96,1809.88,00.68
00992,TA035N40,35.63106,39.83769,58010.518034,30.0,o,18.97,1809.88,00.68
00993,TA031N45,31.91152,44.87020,58010.518492,30.0,o,18.97,1809.88,00.68
00994,TA028N75,28.87428,74.97340,58010.518949,30.0,o,18.68,1809.88,00.68
00995,TA036N70,36.33448,69.91470,58010.519866,30.0,o,18.73,1809.88,00.68
00996,TA033N35,33.69626,34.85147,58010.520332,30.0,o,19.03,1809.88,00.68
00997,TA028N40,29.20398,39.85784,58010.520789,30.0,o,18.99,1809.88,00.68
00998,TA038N55,38.86899,54.83357,58010.521725,30.0,o,18.84,1809.88,00.68
00999,TA034N50,34.70971,49.88490,58010.522182,30.0,o,18.93,1809.88,00.68
01000,TA029N65,29.41236,64.91709,58010.522639,30.0,o,18.80,1809.88,00.68
01001,TA026N50,27.11683,49.94760,58010.523098,30.0,o,18.95,1809.88,00.68
01002,TA038N45,38.96254,44.82292,58010.523556,30.0,o,18.90,1809.88,00.68
01003,TA030N55,30.33539,54.88405,58010.524471,30.0,o,18.90,1809.88,00.68
01004,TA027N35,27.67703,34.91301,58010.524951,30.0,o,19.02,1809.88,00.68
01005,TA035N40,35.62689,39.87293,58010.525890,30.0,o,18.94,1809.88,00.68
01006,TA031N45,31.95724,44.84509,58010.526349,30.0,o,18.95,1809.88,00.68
01007,TA028N75,28.93402,75.04851,58010.526807,30.0,o,18.68,1809.88,00.68
01008,TA040N65,40.93734,64.84405,58010.527266,30.0,o,18.82,1809.88,00.68
01009,TA036N70,36.32377,69.95015,58010.527724,30.0,o,18.80,1809.88,00.68
01010,TA033N35,33.73098,34.82635,58010.528205,30.0,o,19.03,1809.88,00.68
01011,TA028N40,29.21868,39.93319,58010.528663,30.0,o,19.01,1809.88,00.68
01012,TA038N55,38.85792,54.86867,58010.529601,30.0,o,18.87,1809.88,00.68
01013,TA034N50,34.76599,49.85969,58010.530061,30.0,o,18.94,1809.88,00.68
01014,TA029N65,29.44111,64.99250,58010.530520,30.0,o,18.83,1809.88,00.68
01015,TA041N40,42.09917,39.81912,58010.530977,30.0,o,18.93,1809.88,00.68
01016,TA038N45,38.94835,44.85805,58010.531436,30.0,o,18.96,1809.88,00.68
01017,TA030N55,30.36094,54.95924,58010.532353,30.0,o,18.95,1809.88,00.68
01018,TA042N50,42.38701,49.81376,58010.532811,30.0,o,18.89,1809.88,00.68
01019,TA035N40,35.67257,39.84822,58010.533734,30.0,o,18.96,1809.88,00.68
01020,TA031N45,31.97308,44.92081,58010.534193,30.0,o,18.98,1809.88,00.68
01021,TA040N65,40.93040,64.87902,58010.535123,30.0,o,18.80,1809.88,00.68
01022,TA036N70,36.42673,69.92461,58010.535583,30.0,o,18.78,1809.88,00.68
01023,TA033N35,33.75545,34.90172,58010.536063,30.0,o,19.03,1809.94,00.68
01024,TA038N55,38.91732,54.84348,58010.537488,30.0,o,18.88,1809.94,00.68
01025,TA034N50,34.78307,49.93508,58010.537947,30.0,o,18.91,1809.94,00.68
01026,TA045N45,46.02859,44.79412,58010.538406,30.0,o,18.86,1809.94,00.68
01027,TA041N40,42.08568,39.85427,58010.538864,30.0,o,18.99,1809.94,00.68
01028,TA038N45,38.99495,44.83295,58010.539323,30.0,o,18.93,1809.94,00.68
01029,TA047N55,47.39953,54.77303,58010.540238,30.0,o,18.80,1809.94,00.68
01030,TA042N50,42.37613,49.84930,58010.540695,30.0,o,18.87,1809.94,00.68
01031,TA035N40,35.68747,39.92363,58010.541618,30.0,o,18.95,1809.94,00.68
01032,TA047N75,47.77169,74.83720,58010.542099,30.0,o,18.64,1809.94,00.68
01033,TA045N60,45.25182,59.85070,58010.542556,30.0,o,18.83,1809.94,00.68
01034,TA040N65,41.01578,64.85442,58010.543014,30.0,o,18.84,1809.94,00.68
01035,TA036N70,36.47356,70.00042,58010.543474,30.0,o,18.80,1809.94,00.68
01036,TA038N55,38.94566,54.91870,58010.545322,30.0,o,18.86,1809.94,00.68
01037,TA045N45,46.01648,44.82943,58010.546238,30.0,o,18.93,1809.94,00.68
01038,TA041N40,42.13104,39.82914,58010.546696,30.0,o,18.94,1809.94,00.68
01039,TA038N45,39.02098,44.90824,58010.547154,30.0,o,18.93,1809.94,00.68
01040,TA050N69,50.72520,69.77193,58010.547621,30.0,o,18.71,1809.94,00.68
01041,TA047N55,47.39141,54.80884,58010.548078,30.0,o,18.87,1809.94,00.68
01042,TA042N50,42.43383,49.82434,58010.548535,30.0,o,18.91,1809.94,00.68
01043,TA047N75,47.76053,74.87235,58010.549973,30.0,o,18.62,1809.94,00.68
01044,TA045N60,45.32361,59.82525,58010.550431,30.0,o,18.82,1809.94,00.68
01045,TA040N65,41.04861,64.92972,58010.550890,30.0,o,18.80,1809.94,00.68
01046,TA052N64,52.49236,64.72980,58010.551347,30.0,o,18.76,1809.94,00.68
01047,TA045N45,46.07289,44.80400,58010.554108,30.0,o,18.93,1809.94,00.68
01048,TA041N40,42.14644,39.90433,58010.554566,30.0,o,18.93,1809.94,00.68
01049,TA050N69,50.71682,69.80680,58010.555530,30.0,o,18.74,1809.94,00.68
01050,TA047N55,47.45110,54.78337,58010.555988,30.0,o,18.85,1809.94,00.68
01051,TA042N50,42.46104,49.89969,58010.556447,30.0,o,18.89,1809.94,00.68
01052,TA055N59,55.34944,59.75478,58010.556914,30.0,o,18.78,1809.94,00.68
01053,TA047N75,47.90316,74.84663,58010.557837,30.0,o,18.66,1809.94,00.68
01054,TA045N60,45.35478,59.90035,58010.558295,30.0,o,18.80,1809.94,00.68
01055,TA052N64,52.47925,64.76471,58010.559211,30.0,o,18.76,1809.94,00.68
01056,TA045N45,46.08837,44.87860,58010.562009,30.0,o,18.90,1809.94,00.68
01057,TA050N69,50.82431,69.78095,58010.563421,30.0,o,18.73,1809.94,00.68
01058,TA047N55,47.48016,54.85842,58010.563880,30.0,o,18.83,1809.94,00.68
01059,TA055N59,55.34973,59.79069,58010.564846,30.0,o,18.80,1809.94,00.68
01060,TA047N75,47.95930,74.92175,58010.565793,30.0,o,18.66,1809.94,00.68
01061,TA066N74,66.43625,74.70821,58010.566251,30.0,o,18.65,1809.94,00.68
01062,TA052N64,52.57553,64.73907,58010.567168,30.0,o,18.78,1809.94,00.68
01063,TA064N69,64.99029,69.69110,58010.569953,30.0,o,18.70,1809.94,00.68
01064,TA050N69,50.87432,69.85620,58010.571329,30.0,o,18.71,1809.94,00.68
01065,TA066N74,66.44127,74.74155,58010.574134,30.0,o,18.64,1809.94,00.68
01066,TA052N64,52.60912,64.81415,58010.575086,30.0,o,18.78,1809.94,00.68
01067,TA064N69,64.98487,69.72526,58010.577856,30.0,o,18.65,1809.94,00.68
01068,TA055N59,55.45323,59.83983,58010.580646,30.0,o,18.81,1809.94,00.68
01069,TA066N74,66.58428,74.71526,58010.582048,30.0,o,18.60,1809.94,00.68
01070,TA064N69,65.10182,69.69933,58010.585781,30.0,o,18.68,1809.94,00.68
01071,TA066N74,66.65711,74.78935,58010.589943,30.0,o,18.58,1809.94,00.68
01072,TA064N69,65.15305,69.77370,58010.593620,30.0,o,18.66,1809.94,00.68
01073,TA012S00,12.91895,0.03646,58012.447684,30.0,o,18.67,1809.94,00.68
01074,TA012S00,12.90790,0.05702,58012.454458,30.0,o,18.67,1809.94,00.68
01075,TA017N05,17.89035,5.03653,58012.457342,30.0,o,18.72,1809.94,00.68
01076,TA017S00,17.92986,0.03648,58012.459183,30.0,o,18.82,1809.94,00.68
01077,TA012S00,12.93734,0.01660,58012.461699,30.0,o,18.63,1809.94,00.68
01078,TA017N05,17.90994,5.01685,58012.463089,30.0,o,18.74,1809.94,00.68
01079,TA017N05,17.87962,5.05689,58012.463548,30.0,o,18.72,1809.94,00.68
01080,TA022N05,22.87184,5.05688,58012.464027,30.0,o,18.75,1809.94,00.68
01081,TA017S00,17.91944,0.05688,58012.464493,30.0,o,18.66,1809.94,00.68
01082,TA022N05,22.88148,5.03674,58012.465878,30.0,o,18.72,1809.94,00.68
01083,TA012S00,12.94644,0.07612,58012.470495,30.0,o,18.64,1809.94,00.68
01084,TA017S00,17.94812,0.01667,58012.472972,30.0,o,18.74,1809.94,00.68
01085,TA017N05,17.91789,5.07654,58012.477743,30.0,o,18.88,1809.94,00.68
01086,TA022N05,22.90051,5.01647,58012.478819,30.0,o,18.81,1809.94,00.68
01087,TA017S00,17.95734,0.07609,58012.479794,30.0,o,18.65,1809.94,00.68
01088,TA021N70,18.86640,70.74825,58012.484001,30.0,c,19.36,1811.41,00.68
01089,TA021N35,20.24348,35.68892,58012.485188,30.0,c,19.54,1811.41,00.68
01090,TA022N05,22.90977,5.07669,58012.485640,30.0,o,18.69,1811.41,00.68
01091,TA021N35,20.25428,35.66887,58012.486501,30.0,c,19.47,1811.41,00.68
01092,TA022N40,21.32857,40.68911,58012.488667,30.0,c,19.56,1811.41,00.68
01093,TA024N45,23.39418,45.67894,58012.490789,30.0,c,19.52,1811.41,00.68
01094,TA017N65,15.10178,65.78452,58012.493676,30.0,c,19.47,1814.92,00.68
01095,TA017N65,15.29435,65.68870,58012.494729,30.0,c,19.43,1815.02,00.68
01096,TA017N65,15.31450,65.74828,58012.495641,30.0,c,19.45,1815.02,00.68
01097,TA026N50,25.41102,50.70964,58012.497266,30.0,c,19.51,1815.02,00.68
01098,TA019N50,17.70439,50.73229,58012.498766,30.0,c,19.58,1818.28,00.68
01099,TA024N45,23.30975,45.76110,58012.499223,30.0,c,19.59,1818.28,00.68
01100,TA022N40,21.25096,40.77068,58012.500136,30.0,c,19.59,1818.28,00.68
01101,TA027N35,26.33559,35.67958,58012.501251,30.0,c,19.57,1818.28,00.68
01102,TA021N35,20.28257,35.65228,58012.501707,30.0,c,19.52,1818.28,00.68
01103,TA013N24,12.73182,25.77466,58013.475036,30.0,o,19.17,1821.00,00.68
01104,TA018N20,17.65755,20.77102,58013.477406,30.0,o,19.13,1822.47,00.68
01105,TA014N30,13.30138,30.77144,58013.477915,30.0,o,19.12,1824.99,00.68
01106,TA015N34,14.25007,35.76262,58013.478373,30.0,o,19.08,1827.61,00.68
01107,TA017N10,16.92643,10.77109,58013.479022,30.0,o,19.08,1830.55,00.68
01108,TA017N15,17.12608,15.77168,58013.479488,30.0,o,19.11,1832.81,00.68
01109,TA013N24,12.71111,25.79449,58013.484087,30.0,o,19.18,1832.91,00.68
01110,TA014N30,13.31184,30.79499,58013.486486,30.0,o,19.17,1832.96,00.68
01111,TA015N34,14.26257,35.78538,58013.487410,30.0,o,19.17,1832.96,00.68
01112,TA015N34,14.30252,35.75531,58013.487867,30.0,o,19.17,1832.96,00.68
01113,TA014N30,13.34166,30.75493,58013.488324,30.0,o,19.18,1832.96,00.68
01114,TA019N25,18.17212,25.80587,58013.489311,30.0,o,19.17,1832.96,00.68
01115,TA013N24,12.75142,25.75443,58013.490276,30.0,o,19.17,1832.96,00.68
01116,TA018N20,17.66182,20.79476,58013.491236,30.0,o,19.17,1832.96,00.68
01117,TA017N15,17.13138,15.79359,58013.493527,30.0,o,19.16,1833.02,00.68
01118,TA023N15,22.27219,15.78509,58013.493993,30.0,o,19.16,1833.02,00.68
01119,TA017N10,16.93132,10.79256,58013.494473,30.0,o,19.13,1833.02,00.68
01120,TA022N10,22.01180,10.77417,58013.494932,30.0,o,19.14,1833.02,00.68
01121,TA019N25,18.18284,25.78490,58013.495469,30.0,o,19.15,1833.02,00.68
01122,TA019N30,19.04354,30.78527,58013.495936,30.0,o,19.17,1833.02,00.68
01123,TA023N20,22.97307,20.78587,58013.496444,30.0,o,19.16,1833.02,00.68
01124,TA024N25,23.63373,25.79652,58013.496904,30.0,o,19.16,1833.02,00.68
01125,TA025N30,24.74657,30.79264,58013.497668,30.0,o,19.13,1833.02,00.68
01126,TA029N20,28.24989,20.79164,58013.498127,30.0,o,19.11,1833.02,00.68
01127,TA027N10,27.06948,10.78077,58013.498774,30.0,o,19.07,1833.02,00.68
01128,TA022N10,21.98614,10.79054,58013.499231,30.0,o,19.12,1833.02,00.68
01129,TA028N15,27.39903,15.79129,58013.499690,30.0,o,19.13,1833.02,00.68
01130,TA017N10,16.94203,10.74997,58013.500834,30.0,o,19.11,1833.02,00.68
01131,TA023N15,22.24537,15.80092,58013.501294,30.0,o,19.14,1833.02,00.68
01132,TA017N10,16.97104,10.81189,58013.502063,30.0,o,19.10,1833.02,00.68
01133,TA017N15,17.16160,15.75231,58013.502543,30.0,o,19.16,1833.02,00.68
01134,TA018N20,17.70187,20.75334,58013.503460,30.0,o,19.13,1833.02,00.68
01135,TA023N20,22.96260,20.80478,58013.503942,30.0,o,19.15,1833.02,00.68
01136,TA013N24,12.76181,25.81263,58013.504401,30.0,o,19.15,1833.02,00.68
01137,TA019N25,18.20234,25.76417,58013.504890,30.0,o,19.14,1833.02,00.68
01138,TA014N30,13.35195,30.81299,58013.505348,30.0,o,19.16,1833.02,00.68
01139,TA019N30,19.06286,30.76454,58013.505813,30.0,o,19.15,1833.02,00.68
01140,TA024N25,23.62312,25.81577,58013.506293,30.0,o,19.12,1833.02,00.68
01141,TA015N34,14.31290,35.81373,58013.506816,30.0,o,19.15,1833.02,00.68
01142,TA019N30,19.02311,30.80490,58013.507282,30.0,o,19.16,1833.02,00.68
01143,TA025N30,24.75397,30.81627,58013.507739,30.0,o,19.14,1833.02,00.68
01144,TA029N25,29.05820,25.82129,58013.508492,30.0,o,19.16,1833.02,00.68
01145,TA025N30,24.76330,30.77199,58013.508951,30.0,o,19.12,1833.02,00.68
01146,TA019N30,19.07199,30.82464,58013.509656,30.0,o,19.14,1833.02,00.68
01147,TA024N25,23.65303,25.77527,58013.510114,30.0,o,19.18,1833.02,00.68
01148,TA019N25,18.21181,25.82389,58013.510578,30.0,o,19.17,1833.02,00.68
01149,TA029N20,28.25325,20.81569,58013.511057,30.0,o,19.13,1833.02,00.68
01150,TA023N20,22.99259,20.76437,58013.511516,30.0,o,19.14,1833.02,00.68
01151,TA018N20,17.71190,20.81271,58013.511974,30.0,o,19.13,1833.02,00.68
01152,TA017N15,17.17160,15.81182,58013.512433,30.0,o,19.13,1833.02,00.68
01153,TA023N15,22.29207,15.76319,58013.512892,30.0,o,19.09,1833.02,00.68
01154,TA022N10,22.04181,10.81228,58013.513431,30.0,o,19.10,1833.02,00.68
01155,TA028N15,27.40283,15.81426,58013.513925,30.0,o,19.12,1833.02,00.68
01156,TA022N10,22.03200,10.75231,58013.514421,30.0,o,19.05,1833.02,00.68
01157,TA027N10,27.05739,10.80028,58013.515631,30.0,o,19.11,1833.02,00.68
01158,TA031N30,30.47568,30.80245,58013.517135,30.0,o,19.14,1833.02,00.68
01159,TA029N25,29.07562,25.80166,58013.517601,30.0,o,19.14,1833.02,00.68
01160,TA035N25,34.53914,25.81181,58013.518059,30.0,o,19.11,1833.02,00.68
01161,TA037N30,36.20906,30.80240,58013.518559,30.0,o,19.08,1833.02,00.68
01162,TA027N10,27.08482,10.76037,58013.521091,30.0,o,19.11,1833.02,00.68
01163,TA027N10,27.09448,10.82029,58013.522008,30.0,o,19.11,1833.02,00.68
01164,TA028N15,27.41409,15.77091,58013.522474,30.0,o,19.07,1833.02,00.68
01165,TA023N15,22.30218,15.82237,58013.523299,30.0,o,19.14,1833.02,00.68
01166,TA023N20,23.00292,20.82301,58013.523757,30.0,o,19.14,1833.02,00.68
01167,TA029N20,28.28377,20.77461,58013.524216,30.0,o,19.11,1833.02,00.68
01168,TA024N25,23.66300,25.83392,58013.525169,30.0,o,19.13,1833.02,00.68
01169,TA029N25,29.11401,25.78552,58013.525635,30.0,o,19.13,1833.02,00.68
01170,TA025N30,24.79363,30.83437,58013.526092,30.0,o,19.10,1833.02,00.68
01171,TA031N30,30.51481,30.78589,58013.526550,30.0,o,19.09,1833.02,00.68
01172,TA035N25,34.52847,25.83109,58013.527626,30.0,o,19.09,1833.02,00.68
01173,TA031N30,30.46373,30.82157,58013.528084,30.0,o,19.10,1833.02,00.68
01174,TA037N30,36.19782,30.82209,58013.528542,30.0,o,19.09,1833.02,00.68
01175,TA037N30,36.22760,30.78185,58013.529482,30.0,o,19.06,1833.02,00.68
01176,TA031N30,30.50310,30.84138,58013.529939,30.0,o,19.09,1833.02,00.68
01177,TA035N25,34.55758,25.79120,58013.530398,30.0,o,19.11,1833.02,00.68
01178,TA029N25,29.10294,25.84069,58013.530855,30.0,o,19.10,1833.02,00.68
01179,TA029N20,28.29361,20.83469,58013.532664,30.0,o,19.12,1833.02,00.68
01180,TA028N15,27.44280,15.83300,58013.533120,30.0,o,19.11,1833.02,00.68
01181,TA035N25,34.58507,25.85499,58013.546688,30.0,o,19.14,1833.02,00.68
01182,TA037N30,36.26599,30.84555,58013.547620,30.0,o,19.08,1833.02,00.68
01183,TA009N75,11.26319,75.67248,58014.460754,30.0,o,18.83,1833.07,00.68
01184,TA009N75,11.22209,75.69260,58014.461211,30.0,o,18.87,1833.07,00.68
01185,TA017N65,18.50371,65.71364,58014.462330,30.0,o,18.93,1833.07,00.68
01186,TA009N75,11.28208,75.64224,58014.462788,30.0,o,18.76,1833.07,00.68
01187,TA017N65,18.47954,65.73450,58014.472579,30.0,o,18.92,1833.07,00.68
01188,TA021N55,22.23943,55.70637,58014.473953,30.0,o,18.92,1833.59,00.68
01189,TA019N50,19.85376,50.68292,58014.475749,30.0,o,19.00,1833.59,00.68
01190,TA019N50,19.84425,50.70426,58014.476664,30.0,o,18.92,1833.59,00.68
01191,TA022N40,23.09859,40.68388,58014.478039,30.0,o,18.93,1833.59,00.68
01192,TA021N35,21.90755,35.66339,58014.479870,30.0,o,18.99,1833.59,00.68
01193,TA021N70,22.94035,70.75316,58014.481594,30.0,o,18.89,1833.59,00.68
01194,TA009N75,11.32415,75.70132,58014.482266,30.0,o,18.77,1833.59,00.68
01195,TA021N70,22.91293,70.77443,58014.482731,30.0,o,18.80,1833.59,00.68
01196,TA021N35,21.93741,35.64376,58014.484135,30.0,o,19.11,1833.59,00.68
01197,TA021N35,21.89705,35.68361,58014.484591,30.0,o,19.14,1833.59,00.68
01198,TA027N35,27.99075,35.67367,58014.485522,30.0,o,19.10,1833.59,00.68
01199,TA022N40,23.07597,40.70416,58014.486455,30.0,o,19.06,1833.59,00.68
01200,TA024N45,25.29543,45.70335,58014.488194,30.0,o,19.05,1833.59,00.68
01201,TA019N50,19.87856,50.66351,58014.488652,30.0,o,19.03,1833.59,00.68
01202,TA024N45,25.30568,45.68422,58014.489110,30.0,o,19.05,1833.59,00.68
01203,TA026N50,27.52676,50.71362,58014.490414,30.0,o,18.99,1833.59,00.68
01204,TA021N55,22.21058,55.72529,58014.491330,30.0,o,18.95,1833.59,00.68
01205,TA017N65,18.53654,65.69438,58014.491789,30.0,o,18.93,1833.59,00.68
01206,TA029N65,30.15024,65.75613,58014.492705,30.0,o,18.84,1833.59,00.68
01207,TA021N70,22.98508,70.73492,58014.493163,30.0,o,18.84,1833.59,00.68
01208,TA017N65,18.56660,65.75493,58014.494081,30.0,o,18.93,1833.59,00.68
01209,TA021N55,22.26051,55.68652,58014.494995,30.0,o,18.95,1833.59,00.68
01210,TA026N50,27.51815,50.73659,58014.495453,30.0,o,18.94,1833.59,00.68
01211,TA031N45,32.35281,45.69628,58014.495912,30.0,o,18.91,1833.59,00.68
01212,TA019N50,19.89983,50.72547,58014.496370,30.0,o,19.02,1833.59,00.68
01213,TA024N45,25.33706,45.66568,58014.496827,30.0,o,19.03,1833.59,00.68
01214,TA028N40,29.56061,40.70529,58014.497286,30.0,o,18.89,1833.59,00.68
01215,TA022N40,23.11515,40.66479,58014.498205,30.0,o,19.09,1833.59,00.68
01216,TA027N35,27.97917,35.69426,58014.498664,30.0,o,18.99,1833.59,00.68
01217,TA021N35,21.94398,35.70383,58014.499121,30.0,o,19.15,1833.59,00.68
01218,TA028N75,30.26283,75.81608,58014.500083,30.0,o,18.83,1833.59,00.68
01219,TA028N75,30.22238,75.83602,58014.500541,30.0,o,18.84,1833.59,00.68
01220,TA021N55,22.28069,55.74660,58014.500999,30.0,o,19.02,1833.59,00.68
01221,TA033N35,34.07231,35.68460,58014.501915,30.0,o,18.99,1833.96,00.68
01222,TA028N40,29.54781,40.72507,58014.502374,30.0,o,19.09,1833.96,00.68
01223,TA021N70,23.01800,70.79513,58014.503305,30.0,o,18.88,1833.96,00.68
01224,TA034N50,35.21269,50.71736,58014.503763,30.0,o,19.01,1833.96,00.68
01225,TA029N65,30.12864,65.77677,58014.504223,30.0,o,18.96,1833.96,00.68
01226,TA026N50,27.55611,50.69658,58014.504680,30.0,o,19.05,1833.96,00.68
01227,TA022N40,23.13359,40.72439,58014.505146,30.0,o,19.10,1833.96,00.68
01228,TA027N35,28.01759,35.65403,58014.506579,30.0,o,19.11,1833.96,00.68
01229,TA024N45,25.35185,45.72462,58014.507036,30.0,o,19.04,1833.96,00.68
01230,TA035N40,36.03162,40.70475,58014.507495,30.0,o,19.00,1833.96,00.68
01231,TA031N45,32.32734,45.71544,58014.507953,30.0,o,19.04,1833.96,00.68
01232,TA028N75,30.32622,75.78512,58014.508412,30.0,o,18.84,1833.96,00.68
01233,TA036N70,37.41776,70.76666,58014.509328,30.0,o,18.86,1833.96,00.68
01234,TA033N35,34.05091,35.70451,58014.509794,30.0,o,19.12,1833.96,00.68
01235,TA028N40,29.58608,40.68462,58014.510252,30.0,o,19.07,1833.96,00.68
01236,TA038N55,39.44369,55.70813,58014.511225,30.0,o,18.90,1833.96,00.68
01237,TA034N50,35.19129,50.73721,58014.511684,30.0,o,19.02,1833.96,00.68
01238,TA029N65,30.19589,65.73599,58014.512143,30.0,o,18.94,1833.96,00.68
01239,TA026N50,27.57414,50.75593,58014.512601,30.0,o,19.02,1833.96,00.68
01240,TA038N45,39.40420,45.69604,58014.513058,30.0,o,18.89,1833.96,00.68
01241,TA030N55,30.87290,55.70655,58014.513972,30.0,o,19.02,1833.96,00.68
01242,TA027N35,28.02597,35.71355,58014.514452,30.0,o,19.07,1833.96,00.68
01243,TA035N40,36.01997,40.72487,58014.515403,30.0,o,18.86,1833.96,00.68
01244,TA031N45,32.37526,45.67494,58014.515862,30.0,o,19.08,1833.96,00.68
01245,TA028N75,30.37236,75.84453,58014.516320,30.0,o,18.82,1833.96,00.68
01246,TA040N65,41.78595,65.70727,58014.516778,30.0,o,18.87,1833.96,00.68
01247,TA036N70,37.38599,70.78666,58014.517237,30.0,o,18.84,1833.96,00.68
01248,TA033N35,34.08950,35.66404,58014.517722,30.0,o,19.04,1833.96,00.68
01249,TA028N40,29.59437,40.74417,58014.518180,30.0,o,19.06,1833.96,00.68
01250,TA038N55,39.42067,55.72796,58014.519119,30.0,o,18.90,1833.96,00.68
01251,TA034N50,35.23836,50.69662,58014.519576,30.0,o,19.01,1833.96,00.68
01252,TA029N65,30.22158,65.79555,58014.520034,30.0,o,18.89,1833.96,00.68
01253,TA041N40,42.49442,40.69546,58014.520494,30.0,o,18.86,1833.96,00.68
01254,TA038N45,39.38087,45.71606,58014.520951,30.0,o,18.99,1833.96,00.68
01255,TA042N50,42.88175,50.68650,58014.522325,30.0,o,18.83,1833.96,00.68
01256,TA035N40,36.05868,40.68494,58014.523240,30.0,o,19.03,1833.96,00.68
01257,TA031N45,32.38390,45.73493,58014.523699,30.0,o,19.02,1833.96,00.68
01258,TA040N65,41.75104,65.72697,58014.524623,30.0,o,18.88,1833.96,00.68
01259,TA036N70,37.47039,70.74598,58014.525082,30.0,o,18.90,1833.96,00.68
01260,TA033N35,34.09810,35.72382,58014.525576,30.0,o,19.06,1833.96,00.68
01261,TA038N55,39.46879,55.68759,58014.527023,30.0,o,18.95,1833.96,00.68
01262,TA034N50,35.25651,50.75634,58014.527481,30.0,o,19.01,1833.96,00.68
01263,TA045N45,46.47566,45.67617,58014.527940,30.0,o,18.91,1833.96,00.68
01264,TA041N40,42.48348,40.71564,58014.528401,30.0,o,19.03,1833.96,00.68
01265,TA038N45,39.41964,45.67574,58014.528860,30.0,o,19.01,1833.96,00.68
01266,TA047N55,47.98230,55.65712,58014.529777,30.0,o,18.89,1833.96,00.68
01267,TA042N50,42.87097,50.70698,58014.530235,30.0,o,18.98,1833.96,00.68
01268,TA035N40,36.06705,40.74468,58014.531159,30.0,o,19.04,1833.96,00.68
01269,TA047N75,49.30870,75.70672,58014.531642,30.0,o,18.78,1833.96,00.68
01270,TA045N60,45.92955,60.71835,58014.532101,30.0,o,18.95,1833.96,00.68
01271,TA040N65,41.83148,65.68740,58014.532560,30.0,o,18.92,1833.96,00.68
01272,TA036N70,37.49902,70.80600,58014.533017,30.0,o,18.82,1833.96,00.68
01273,TA038N55,39.48639,55.74744,58014.534862,30.0,o,18.96,1833.96,00.68
01274,TA045N45,46.45478,45.69683,58014.535780,30.0,o,18.99,1833.96,00.68
01275,TA041N40,42.52186,40.67557,58014.536238,30.0,o,19.04,1833.96,00.68
01276,TA038N45,39.43785,45.73559,58014.536696,30.0,o,18.96,1833.96,00.68
01277,TA050N69,51.83634,70.64703,58014.537164,30.0,o,18.74,1833.96,00.68
01278,TA047N55,47.96224,55.67814,58014.537636,30.0,o,19.00,1833.96,00.68
01279,TA042N50,42.90970,50.66698,58014.538095,30.0,o,19.02,1833.96,00.68
01280,TA047N75,49.27624,75.72674,58014.539531,30.0,o,18.79,1833.96,00.68
01281,TA045N60,45.98836,60.67809,58014.539989,30.0,o,18.97,1833.96,00.68
01282,TA040N65,41.84912,65.74693,58014.540446,30.0,o,18.95,1833.96,00.68
01283,TA052N64,53.35184,65.61798,58014.540903,30.0,o,18.88,1833.96,00.68
01284,TA045N45,46.50314,45.65638,58014.543672,30.0,o,18.99,1833.96,00.68
01285,TA041N40,42.53032,40.73527,58014.544129,30.0,o,19.03,1833.96,00.68
01286,TA050N69,51.80433,70.66696,58014.545083,30.0,o,18.88,1833.96,00.68
01287,TA047N55,48.01078,55.63774,58014.545540,30.0,o,19.00,1833.96,00.68
01288,TA042N50,42.92786,50.72665,58014.545998,30.0,o,19.02,1833.96,00.68
01289,TA047N75,49.38398,75.68651,58014.547387,30.0,o,18.86,1833.96,00.68
01290,TA045N60,46.00615,60.73768,58014.547844,30.0,o,18.97,1833.96,00.68
01291,TA052N64,53.31977,65.63813,58014.548759,30.0,o,18.94,1833.96,00.68
01292,TA045N45,46.50986,45.71564,58014.551578,30.0,o,19.04,1833.96,00.68
01293,TA050N69,51.89083,70.62658,58014.552983,30.0,o,18.88,1833.96,00.68
01294,TA047N55,48.02794,55.69747,58014.553443,30.0,o,19.02,1833.96,00.68
01295,TA047N75,49.42949,75.74589,58014.555312,30.0,o,18.85,1833.96,00.68
01296,TA052N64,53.38799,65.58764,58014.556685,30.0,o,18.96,1833.96,00.68
01297,TA064N69,66.14757,70.60769,58014.557629,30.0,o,18.83,1833.96,00.68
01298,TA050N69,51.91800,70.68624,58014.560855,30.0,o,18.90,1833.96,00.68
01299,TA066N74,68.09786,75.62760,58014.561314,30.0,o,18.85,1836.11,00.68
01300,TA052N64,53.41275,65.64689,58014.564577,30.0,o,18.98,1836.11,00.68
01301,TA064N69,66.13109,70.62835,58014.565494,30.0,o,18.94,1836.11,00.68
01302,TA066N74,68.05749,75.64764,58014.569197,30.0,o,18.88,1836.22,00.68
01303,TA064N69,66.21029,70.58806,58014.573365,30.0,o,18.96,1836.22,00.68
01304,TA066N74,68.17679,75.60785,58014.577052,30.0,o,18.89,1836.22,00.68
01305,TA064N69,66.24817,70.64786,58014.581238,30.0,o,18.99,1836.22,00.68
01306,TA012S00,12.28020,0.38728,58016.438712,30.0,o,18.84,1836.90,00.68
01307,TA012S00,12.26890,0.40804,58016.445528,30.0,o,18.91,1837.58,00.68
01308,TA017N05,17.24141,5.38763,58016.448403,30.0,o,18.74,1837.58,00.68
01309,TA017S00,17.29072,0.38707,58016.450233,30.0,o,18.82,1837.58,00.68
01310,TA012S00,12.29788,0.36774,58016.453116,30.0,o,18.82,1837.58,00.68
01311,TA012S00,12.30789,0.42776,58016.453574,30.0,o,18.82,1837.58,00.68
01312,TA022N05,22.23181,5.38746,58016.459552,30.0,o,18.89,1837.58,00.68
01313,TA017S00,17.27920,0.40732,58016.460469,30.0,o,18.87,1837.58,00.68
01314,TA017N05,17.22931,5.40772,58016.460927,30.0,o,18.91,1837.58,00.68
01315,TA017N05,17.25941,5.36747,58016.461976,30.0,o,18.81,1837.58,00.68
01316,TA022N05,22.22171,5.40780,58016.462442,30.0,o,18.59,1837.58,00.68
01317,TA017S00,17.30881,0.36739,58016.464054,30.0,o,18.96,1837.58,00.68
01318,TA017N05,17.26840,5.42727,58016.468822,30.0,o,18.91,1837.58,00.68
01319,TA022N05,22.25097,5.36755,58016.469896,30.0,o,18.94,1837.58,00.68
01320,TA017S00,17.31780,0.42717,58016.470842,30.0,o,18.94,1837.58,00.68
01321,TA022N05,22.25965,5.42700,58016.476725,30.0,o,18.83,1837.58,00.68