INDEX,EXPID,RA,DEC,MJD,EXPTIME,FILTER,LIM-MAG,CUM-AREA,CUM-LIKELIHOOD
00000,TA018S12,18.20348,-12.33105,57382.278391,30.0,o,17.66,29.56,00.00
00001,TA021S02,21.55157,-2.36118,57382.283160,30.0,o,17.72,59.24,00.01
00002,TA022S07,23.08145,-7.33132,57382.285903,30.0,o,17.30,86.78,00.01
00003,TA023S12,23.35288,-12.33052,57382.288657,30.0,o,17.69,111.84,00.01
00004,TA023N02,23.84088,2.59794,57382.291412,30.0,o,17.69,140.10,00.01
00005,TA026S02,26.55135,-2.36127,57382.294190,30.0,o,17.70,165.58,00.02
00006,TA018S12,18.36384,-12.63207,57382.295567,30.0,o,17.66,167.28,00.02
00007,TA021S02,21.70104,-2.66192,57382.301065,30.0,o,17.65,167.70,00.02
00008,TA028N02,28.84035,2.59851,57382.302442,30.0,o,17.76,193.76,00.03
00009,TA022S07,23.23182,-7.63179,57382.303819,30.0,o,17.68,194.39,00.03
00010,TA023S12,23.50366,-12.63145,57382.306563,30.0,o,17.70,196.76,00.03
00011,TA026S02,26.70093,-2.66154,57382.312049,30.0,o,17.74,198.22,00.03
00012,TA033N02,33.83105,2.59913,57382.313403,30.0,o,17.75,225.44,00.03
00013,TA018S12,17.90538,-12.03162,57382.314097,30.0,o,17.64,228.59,00.04
00014,TA021S02,21.24198,-2.06266,57382.319641,30.0,o,17.69,231.19,00.04
00015,TA022S07,22.78304,-7.03312,57382.322373,30.0,o,17.65,232.55,00.04
00016,TA023S12,23.04544,-12.03137,57382.325093,30.0,o,17.64,232.55,00.04
00017,TA023N02,23.54080,2.89638,57382.327859,30.0,o,17.72,235.85,00.04
00018,TA026S02,26.25219,-2.06274,57382.330590,30.0,o,17.65,235.85,00.04
00019,TA018S12,17.74676,-12.93157,57382.331956,30.0,o,17.52,238.50,00.04
00020,TA021S02,21.09280,-2.96240,57382.337465,30.0,o,17.60,240.14,00.04
00021,TA028N02,28.54135,2.89642,57382.338889,30.0,o,17.69,241.61,00.04
00022,TA022S07,22.63446,-7.93319,57382.340255,30.0,o,17.58,241.93,00.04
00023,TA023S12,22.89680,-12.93186,57382.342998,30.0,o,17.59,243.45,00.04
00024,TA023N02,23.39206,1.99626,57382.345058,30.0,o,17.57,243.89,00.04
00025,TA026S02,26.10348,-2.96282,57382.347847,30.0,o,17.63,244.76,00.04
00026,TA033N02,33.53148,2.89635,57382.349282,30.0,o,17.75,246.25,00.04
00027,TA028N02,28.39232,1.99636,57382.355440,30.0,o,17.63,247.30,00.04
00028,TA026S02,26.10120,-2.96390,57383.337361,30.0,o,17.80,247.30,00.04
00029,TA018S12,17.90552,-12.03279,57383.337975,30.0,o,17.63,247.30,00.04
00030,TA023S12,23.04504,-12.03238,57383.340440,30.0,o,17.67,247.30,00.04
00031,TA033N02,33.52900,2.89593,57383.345428,30.0,o,17.89,247.30,00.04
00032,TA022S07,22.63271,-7.93420,57383.347315,30.0,o,17.60,247.30,00.04
00033,TA018S12,17.74596,-12.93317,57383.354120,30.0,o,17.41,247.32,00.04
00034,TA023S12,22.89536,-12.93390,57383.356597,30.0,o,17.53,247.32,00.04
00035,TA033N02,33.38016,1.99534,57383.361551,30.0,o,17.66,250.25,00.04
00036,TA042N27,42.39772,27.66074,57384.291250,30.0,o,18.16,279.96,00.05
00037,TA042N27,42.56449,27.35962,57384.307257,30.0,o,18.15,282.29,00.06
00038,TA044N32,44.54974,32.68005,57384.311863,30.0,o,18.14,310.75,00.06
00039,TA047N37,47.61577,37.67036,57384.314421,30.0,o,18.12,339.21,00.07
00040,TA047N27,48.01890,27.65815,57384.317164,30.0,o,18.12,364.75,00.08
00041,TA050N32,50.47062,32.66998,57384.319838,30.0,o,18.11,389.64,00.09
00042,TA042N27,42.05268,27.95942,57384.323623,30.0,o,18.11,391.94,00.09
00043,TA053N37,53.94682,37.65075,57384.327639,30.0,o,18.07,418.19,00.12
00044,TA044N32,44.72698,32.37915,57384.328275,30.0,o,18.14,418.19,00.12
00045,TA056N32,56.38186,32.65031,57384.330301,30.0,o,18.02,444.04,00.12
00046,TA047N37,47.80276,37.36883,57384.330926,30.0,o,18.04,444.04,00.12
00047,TA057N42,58.02571,42.61133,57384.332847,30.0,o,18.06,472.85,00.14
00048,TA047N27,48.18346,27.35910,57384.333461,30.0,o,18.13,475.01,00.14
00049,TA050N32,50.64859,32.36918,57384.336238,30.0,o,18.11,475.63,00.14
00050,TA060N37,60.28788,37.64183,57384.338252,30.0,o,18.04,500.46,00.15
00051,TA042N27,41.87932,27.05840,57384.340116,30.0,o,18.09,503.25,00.15
00052,TA064N42,64.84809,42.60241,57384.343495,30.0,o,18.05,529.97,00.17
00053,TA053N37,54.13419,37.35014,57384.344163,30.0,o,17.91,529.97,00.17
00054,TA044N32,44.18455,32.97820,57384.344757,30.0,o,18.10,532.19,00.17
00055,TA056N32,56.55989,32.34967,57384.347014,30.0,o,18.07,534.63,00.17
00056,TA047N37,47.23059,37.96820,57384.347650,30.0,o,18.10,537.69,00.17
00057,TA057N42,58.22262,42.30936,57384.349780,30.0,o,17.96,537.69,00.17
00058,TA047N27,47.67135,27.95859,57384.350359,30.0,o,18.15,537.69,00.17
00059,TA050N32,50.10598,32.96835,57384.353160,30.0,o,18.09,537.69,00.17
00060,TA047N27,47.49697,27.06003,57384.355752,30.0,o,18.12,539.36,00.17
00061,TA044N32,43.99930,32.07878,57384.356377,30.0,o,18.12,539.99,00.17
00062,TA047N37,47.03469,37.06918,57384.357002,30.0,o,18.07,540.64,00.17
00063,TA053N37,53.55957,37.94927,57384.358241,30.0,o,18.05,541.49,00.17
00064,TA056N32,56.02557,32.94965,57384.358866,30.0,o,18.04,541.49,00.17
00065,TA057N42,57.60811,42.90956,57384.359479,30.0,o,18.03,544.54,00.17
00066,TA060N37,60.47190,37.34030,57384.360754,30.0,o,17.90,546.24,00.17
00067,TA064N42,65.04202,42.30047,57384.362008,30.0,o,17.89,547.98,00.17
00068,TA071N42,71.65733,42.60182,57384.365035,30.0,o,18.04,574.75,00.17
00069,TA071N42,71.86558,42.30141,57384.371788,30.0,o,17.87,577.09,00.17
00070,TA064N42,64.43112,42.90105,57384.373009,30.0,o,18.03,578.52,00.17
00071,TA060N37,59.90202,37.93969,57384.375486,30.0,o,17.99,578.52,00.17
00072,TA053N37,53.37727,37.04858,57384.376100,30.0,o,18.02,578.52,00.17
00073,TA056N32,55.84370,32.04892,57384.376736,30.0,o,18.01,580.02,00.17
00074,TA050N32,49.92177,32.06729,57384.377361,30.0,o,18.08,580.44,00.17
00075,TA060N37,59.70652,37.04011,57384.384722,30.0,o,18.04,581.16,00.17
00076,TA071N42,71.25085,42.89970,57384.387199,30.0,o,18.03,582.61,00.17
00077,TA064N42,64.22531,41.99905,57384.387859,30.0,o,18.03,583.44,00.17
00078,TA057N42,57.40087,42.00803,57384.388484,30.0,o,18.01,584.06,00.17
00079,TA071N42,71.03467,41.99902,57384.400440,30.0,o,18.03,585.59,00.17
00080,TA042N27,42.39570,27.65879,57385.302685,30.0,o,18.32,585.59,00.17
00081,TA044N32,44.55055,32.67929,57385.307778,30.0,o,18.32,585.59,00.17
00082,TA047N27,48.01721,27.65854,57385.310498,30.0,o,18.35,585.59,00.17
00083,TA050N32,50.47198,32.67006,57385.313646,30.0,o,18.30,585.59,00.17
00084,TA053N37,53.94992,37.64996,57385.315579,30.0,o,18.25,585.59,00.17
00085,TA047N37,47.61568,37.66824,57385.317442,30.0,o,18.24,585.59,00.17
00086,TA044N32,44.72905,32.37802,57385.318056,30.0,o,18.27,585.59,00.17
00087,TA042N27,42.56321,27.35715,57385.320069,30.0,o,18.23,585.59,00.17
00088,TA047N27,48.18559,27.35766,57385.327141,30.0,o,18.24,585.60,00.17
00089,TA056N32,56.38276,32.65089,57385.329074,30.0,o,18.19,585.60,00.17
00090,TA057N42,58.02692,42.60975,57385.331632,30.0,o,18.20,585.60,00.17
00091,TA050N32,50.64906,32.36888,57385.332245,30.0,o,18.24,585.60,00.17
00092,TA047N37,47.80295,37.36810,57385.335023,30.0,o,18.20,585.60,00.17
00093,TA042N27,42.05153,27.95702,57385.335637,30.0,o,18.21,585.60,00.17
00094,TA060N37,60.28906,37.64098,57385.336968,30.0,o,18.17,585.60,00.17
00095,TA064N42,64.84649,42.60152,57385.342222,30.0,o,18.19,585.60,00.17
00096,TA056N32,56.55729,32.34838,57385.346933,30.0,o,18.17,585.60,00.17
00097,TA047N37,47.22928,37.96764,57385.348808,30.0,o,18.17,585.60,00.17
00098,TA050N32,50.10529,32.96810,57385.349433,30.0,o,18.18,585.60,00.17
00099,TA047N27,47.67000,27.95729,57385.350046,30.0,o,18.21,585.60,00.17
00100,TA044N32,44.18288,32.97660,57385.350660,30.0,o,18.18,585.60,00.17
00101,TA042N27,41.87715,27.05620,57385.351887,30.0,o,18.14,585.62,00.17
00102,TA047N27,47.49665,27.05901,57385.355775,30.0,o,18.14,585.62,00.17
00103,TA044N32,43.99891,32.07772,57385.356400,30.0,o,18.12,585.62,00.17
00104,TA050N32,49.92197,32.06882,57385.357025,30.0,o,18.12,585.62,00.17
00105,TA056N32,56.02590,32.94871,57385.358252,30.0,o,18.11,585.62,00.17
00106,TA053N37,53.55912,37.94858,57385.358866,30.0,o,18.13,585.62,00.17
00107,TA057N42,57.60849,42.90809,57385.360718,30.0,o,18.18,585.62,00.17
00108,TA071N42,71.65661,42.59984,57385.363819,30.0,o,18.16,585.62,00.17
00109,TA064N42,64.42613,42.89962,57385.389977,30.0,o,18.22,585.62,00.17
00110,TA047N37,47.03252,37.06790,57385.391215,30.0,o,18.13,585.63,00.17
00111,TA060N37,59.89753,37.93965,57385.393113,30.0,o,18.17,585.63,00.17
00112,TA053N37,53.37422,37.04817,57385.393750,30.0,o,18.13,585.63,00.17
00113,TA056N32,55.84113,32.04741,57385.395000,30.0,o,18.13,585.63,00.17
00114,TA060N37,59.70447,37.03774,57385.401644,30.0,o,18.14,585.64,00.17
00115,TA071N42,71.24753,42.89895,57385.404144,30.0,o,18.19,585.64,00.17
00116,TA064N42,64.22181,41.99804,57385.404815,30.0,o,18.20,585.64,00.17
00117,TA057N42,57.39865,42.00733,57385.406065,30.0,o,18.17,585.66,00.17
00118,TA071N42,71.03045,41.99938,57385.417245,30.0,o,18.20,585.66,00.17
00119,TA062N47,62.59011,47.66095,57386.326296,30.0,o,18.46,611.56,00.18
00120,TA069N47,69.88217,47.65818,57386.339965,30.0,o,18.46,634.72,00.20
00121,TA069N52,69.77290,52.70694,57386.346250,30.0,o,18.36,662.45,00.21
00122,TA077N47,77.18010,47.69941,57386.359109,30.0,o,18.37,688.60,00.22
00123,TA084N47,84.52105,47.73208,57386.367176,30.0,o,18.32,715.67,00.22
00124,TA062N47,62.29267,47.88065,57386.369942,30.0,o,18.26,717.77,00.22
00125,TA069N47,69.58791,47.88060,57386.371204,30.0,o,18.35,717.77,00.22
00126,TA077N52,77.91065,52.74633,57386.372998,30.0,o,18.36,742.41,00.24
00127,TA069N52,69.44664,52.93118,57386.375590,30.0,o,18.28,744.48,00.24
00128,TA077N52,78.16090,52.44615,57386.377083,30.0,o,18.37,745.16,00.24
00129,TA085N52,86.05117,52.77524,57386.378958,30.0,o,18.33,769.74,00.26
00130,TA087N57,87.93932,57.83335,57386.379595,30.0,o,18.29,797.77,00.27
00131,TA062N47,62.06677,46.98108,57386.383009,30.0,o,18.24,798.38,00.27
00132,TA069N52,69.19086,52.03104,57386.390556,30.0,o,18.23,799.02,00.27
00133,TA069N47,69.35969,46.98003,57386.394410,30.0,o,18.32,799.02,00.27
00134,TA077N47,76.88651,47.92046,57386.395660,30.0,o,18.36,799.02,00.27
00135,TA084N47,84.73721,47.43992,57386.397766,30.0,o,18.32,801.37,00.27
00136,TA097N57,97.25667,57.83369,57386.398380,30.0,o,18.26,828.59,00.28
00137,TA094N52,94.19947,52.79548,57386.399016,30.0,o,18.32,853.46,00.29
00138,TA087N57,88.21279,57.53589,57386.399630,30.0,o,18.28,853.46,00.29
00139,TA085N52,86.28563,52.47778,57386.400243,30.0,o,18.32,853.76,00.29
00140,TA077N52,77.58531,52.97065,57386.402176,30.0,o,18.32,854.91,00.29
00141,TA085N52,85.72361,53.00176,57386.402789,30.0,o,18.33,855.04,00.29
00142,TA087N57,87.58407,58.06107,57386.403588,30.0,o,18.30,857.13,00.29
00143,TA094N52,94.45275,52.49445,57386.404907,30.0,o,18.32,859.48,00.29
00144,TA103N62,103.74610,62.83152,57386.405521,30.0,o,18.26,888.39,00.29
00145,TA097N57,97.54128,57.53388,57386.406134,30.0,o,18.26,889.68,00.29
00146,TA106N57,106.48496,57.78174,57386.406759,30.0,o,18.25,914.38,00.30
00147,TA102N52,102.40513,52.77344,57386.407373,30.0,o,18.33,938.19,00.30
00148,TA084N47,84.22044,47.96189,57386.408530,30.0,o,18.34,938.19,00.30
00149,TA077N52,77.33124,52.07001,57386.414005,30.0,o,18.31,938.19,00.30
00150,TA085N52,85.46662,52.10262,57386.417234,30.0,o,18.33,938.36,00.30
00151,TA087N57,87.29403,57.16151,57386.417870,30.0,o,18.29,939.00,00.30
00152,TA084N47,83.99362,47.05989,57386.421493,30.0,o,18.33,941.27,00.30
00153,TA110N52,110.62149,52.74301,57386.424641,30.0,o,18.31,967.52,00.31
00154,TA115N57,115.57117,57.72964,57386.425266,30.0,o,18.25,993.02,00.31
00155,TA106N57,106.75813,57.48448,57386.425880,30.0,o,18.29,993.02,00.31
00156,TA114N62,114.84463,62.80099,57386.426493,30.0,o,18.23,1018.50,00.32
00157,TA102N52,102.63817,52.47702,57386.427118,30.0,o,18.35,1020.06,00.32
00158,TA103N62,104.05659,62.53390,57386.427731,30.0,o,18.28,1020.06,00.32
00159,TA097N57,96.68870,58.13680,57386.428356,30.0,o,18.27,1020.84,00.32
00160,TA094N52,93.70140,53.09884,57386.429167,30.0,o,18.34,1020.84,00.32
00161,TA103N62,103.07249,63.13379,57386.430394,30.0,o,18.29,1023.91,00.32
00162,TA102N52,101.89805,53.07670,57386.432222,30.0,o,18.36,1023.91,00.32
00163,TA114N62,115.17633,62.50186,57386.433449,30.0,o,18.24,1024.63,00.32
00164,TA106N57,105.91487,58.08538,57386.434074,30.0,o,18.29,1024.63,00.32
00165,TA110N52,110.86035,52.44509,57386.434688,30.0,o,18.32,1026.90,00.32
00166,TA094N52,93.62529,52.12024,57386.441806,30.0,o,18.35,1028.92,00.32
00167,TA118N52,118.87257,52.71286,57386.443079,30.0,o,18.31,1054.21,00.32
00168,TA102N52,101.65940,52.17993,57386.445093,30.0,o,18.36,1055.74,00.32
00169,TA097N57,96.61087,57.16342,57386.445799,30.0,o,18.30,1055.74,00.32
00170,TA103N62,102.76537,62.23459,57386.447269,30.0,o,18.28,1056.32,00.32
00171,TA110N52,110.11877,53.03654,57386.456539,30.0,o,18.34,1056.32,00.32
00172,TA106N57,105.63311,57.18776,57386.457905,30.0,o,18.31,1056.32,00.32
00173,TA114N62,114.18500,63.10384,57386.458542,30.0,o,18.26,1057.67,00.32
00174,TA118N52,118.37304,53.01563,57386.459780,30.0,o,18.33,1058.14,00.32
00175,TA115N57,115.00655,58.03553,57386.460394,30.0,o,18.29,1058.14,00.32
00176,TA110N52,109.87742,52.14773,57386.470370,30.0,o,18.34,1059.71,00.32
00177,TA114N62,113.86541,62.20522,57386.471609,30.0,o,18.25,1059.71,00.32
00178,TA118N52,118.11945,52.11616,57386.480938,30.0,o,18.31,1062.72,00.32
00179,TA115N57,114.73275,57.13972,57386.482905,30.0,o,18.26,1062.72,00.32
00180,TA069N47,69.87513,47.65608,57387.339641,30.0,o,18.56,1062.72,00.32
00181,TA062N47,62.74084,47.58039,57387.342593,30.0,o,18.62,1062.72,00.32
00182,TA077N52,77.90537,52.74322,57387.349502,30.0,o,18.74,1062.72,00.32
00183,TA062N47,62.29410,47.88141,57387.365613,30.0,o,18.64,1062.72,00.32
00184,TA069N47,70.24667,47.28016,57387.370370,30.0,o,18.71,1062.72,00.32
00185,TA077N52,78.15661,52.44419,57387.373067,30.0,o,18.72,1062.72,00.32
00186,TA085N52,86.04813,52.77376,57387.376470,30.0,o,18.69,1062.72,00.32
00187,TA087N57,87.93621,57.83209,57387.377083,30.0,o,18.64,1062.72,00.32
00188,TA077N47,76.89345,47.91997,57387.378912,30.0,o,18.69,1062.72,00.32
00189,TA062N47,62.07204,46.97852,57387.379537,30.0,o,18.57,1062.72,00.32
00190,TA069N47,69.58740,47.88073,57387.380764,30.0,o,18.66,1062.72,00.32
00191,TA069N52,69.19123,52.03078,57387.388472,30.0,o,18.53,1062.72,00.32
00192,TA069N47,69.36004,46.97996,57387.393426,30.0,o,18.58,1062.72,00.32
00193,TA097N57,97.25120,57.83382,57387.396829,30.0,o,18.53,1062.72,00.32
00194,TA094N52,94.19414,52.79520,57387.397454,30.0,o,18.59,1062.72,00.32
00195,TA087N57,88.20730,57.53562,57387.398067,30.0,o,18.53,1062.72,00.32
00196,TA077N52,77.58560,52.96995,57387.400220,30.0,o,18.60,1062.72,00.32
00197,TA087N57,87.36796,58.13504,57387.402512,30.0,o,18.22,1063.25,00.32
00198,TA094N52,94.44573,52.49440,57387.403750,30.0,o,18.59,1063.25,00.32
00199,TA103N62,103.73882,62.83074,57387.404363,30.0,o,18.53,1063.25,00.32
00200,TA097N57,97.53426,57.53342,57387.404988,30.0,o,18.53,1063.25,00.32
00201,TA102N52,102.39792,52.77318,57387.405602,30.0,o,18.59,1063.25,00.32
00202,TA106N57,106.47785,57.78099,57387.406215,30.0,o,18.53,1063.25,00.32
00203,TA077N52,77.33000,52.07073,57387.414005,30.0,o,18.02,1063.25,00.32
00204,TA087N57,87.29396,57.16058,57387.417350,30.0,o,18.50,1063.25,00.32
00205,TA115N57,115.57210,57.72894,57387.423067,30.0,o,18.47,1063.25,00.32
00206,TA110N52,110.62379,52.74339,57387.423681,30.0,o,18.53,1063.25,00.32
00207,TA106N57,106.75826,57.48380,57387.424294,30.0,o,18.47,1063.25,00.32
00208,TA114N62,114.84477,62.80070,57387.424907,30.0,o,18.43,1063.25,00.32
00209,TA102N52,102.63837,52.47658,57387.425521,30.0,o,18.55,1063.25,00.32
00210,TA103N62,104.05571,62.53249,57387.426134,30.0,o,18.46,1063.25,00.32
00211,TA097N57,96.68724,58.13588,57387.426910,30.0,o,18.25,1063.25,00.32
00212,TA094N52,93.69969,53.09802,57387.427720,30.0,o,18.26,1063.25,00.32
00213,TA102N52,101.89341,53.07628,57387.429560,30.0,o,18.53,1063.25,00.32
00214,TA106N57,105.91085,58.08468,57387.430787,30.0,o,18.46,1063.25,00.32
00215,TA114N62,115.17036,62.50077,57387.431412,30.0,o,18.42,1063.25,00.32
00216,TA110N52,110.85833,52.44400,57387.432025,30.0,o,18.53,1063.25,00.32
00217,TA118N52,118.86314,52.71278,57387.432639,30.0,o,18.51,1063.25,00.32
00218,TA103N62,103.07949,63.13352,57387.442072,30.0,o,18.45,1063.25,00.32
00219,TA102N52,101.65587,52.17631,57387.443461,30.0,o,18.44,1063.28,00.32
00220,TA103N62,102.76328,62.23393,57387.445625,30.0,o,18.31,1063.29,00.32
00221,TA110N52,110.11527,53.04547,57387.454618,30.0,o,18.54,1063.29,00.32
00222,TA114N62,114.18329,63.10378,57387.455856,30.0,o,18.46,1063.29,00.32
00223,TA115N57,115.00305,58.03509,57387.456481,30.0,o,18.51,1063.29,00.32
00224,TA118N52,118.36816,53.01558,57387.457095,30.0,o,18.56,1063.29,00.32
00225,TA110N52,109.87652,52.14600,57387.466968,30.0,o,18.43,1063.29,00.32
00226,TA118N52,118.12261,52.11588,57387.468970,30.0,o,18.53,1063.29,00.32
00227,TA115N57,114.73594,57.13555,57387.469583,30.0,o,18.49,1063.29,00.32
00228,TA114N62,113.86529,62.20414,57387.470197,30.0,o,18.47,1063.29,00.32
00229,"MM.0,75",45.64717,35.71582,57392.271725,30.0,c,NaN,1066.30,00.32
00230,"MM.0,90",46.08360,20.70792,57392.273380,30.0,c,NaN,1095.97,00.32
00231,"MM.225,45",20.51690,-12.56847,57392.286898,30.0,c,NaN,1095.97,00.32
00232,"MM.240,60",26.16244,4.14746,57392.288484,30.0,c,NaN,1102.82,00.32
00233,"MM.240,75",38.89564,12.72972,57392.289340,30.0,c,NaN,1132.61,00.33
00234,TA042N27,42.34371,27.72791,57395.306782,30.0,c,18.84,1132.61,00.33
00235,TA044N32,44.48849,32.75490,57395.311898,30.0,c,18.86,1132.61,00.33
00236,TA047N37,47.53535,37.75261,57395.314583,30.0,c,18.88,1132.61,00.33
00237,TA047N27,47.95845,27.72931,57395.317106,30.0,c,18.87,1132.61,00.33
00238,TA050N32,50.39892,32.74691,57395.319722,30.0,c,18.84,1132.61,00.33
00239,TA042N27,42.53163,27.42281,57395.322963,30.0,c,18.82,1132.61,00.33
00240,TA053N37,53.86061,37.73422,57395.327604,30.0,c,18.84,1132.61,00.33
00241,TA044N32,44.68775,32.44896,57395.328218,30.0,c,18.88,1132.61,00.33
00242,TA056N32,56.30256,32.72875,57395.330243,30.0,c,18.84,1132.61,00.33
00243,TA047N37,47.74692,37.44682,57395.330856,30.0,c,18.87,1132.61,00.33
00244,TA057N42,57.91538,42.70167,57395.332812,30.0,c,18.85,1132.61,00.33
00245,TA047N27,48.14715,27.42445,57395.333484,30.0,c,18.88,1132.61,00.33
00246,TA050N32,50.59934,32.44086,57395.336285,30.0,c,18.89,1132.61,00.33
00247,TA060N37,60.19147,37.72748,57395.338218,30.0,c,18.85,1132.61,00.33
00248,TA042N27,42.03924,28.01751,57395.339537,30.0,c,18.88,1132.64,00.33
00249,TA064N42,64.72499,42.69445,57395.343600,30.0,c,18.88,1132.64,00.33
00250,TA053N37,54.07239,37.42887,57395.344213,30.0,c,18.88,1132.64,00.33
00251,TA044N32,44.16689,33.04320,57395.344838,30.0,c,18.91,1132.74,00.33
00252,TA056N32,56.50316,32.42332,57395.347060,30.0,c,18.88,1132.74,00.33
00253,TA047N37,47.19879,38.04020,57395.347674,30.0,c,18.93,1133.07,00.33
00254,TA057N42,58.13935,42.39522,57395.349618,30.0,c,18.89,1133.07,00.33
00255,TA047N27,47.65559,28.01923,57395.350336,30.0,c,18.92,1133.07,00.33
00256,TA042N27,41.88426,27.11181,57395.352847,30.0,c,18.86,1133.09,00.33
00257,TA044N32,43.99823,32.13816,57395.354063,30.0,c,18.92,1133.10,00.33
00258,TA050N32,50.08089,33.03565,57395.354676,30.0,c,18.91,1133.10,00.33
00259,TA056N32,55.98384,33.02125,57395.355289,30.0,c,18.89,1133.10,00.33
00260,TA053N37,53.51865,38.02433,57395.355914,30.0,c,18.90,1133.15,00.33
00261,TA047N37,47.02125,37.13678,57395.356528,30.0,c,18.91,1133.18,00.33
00262,TA060N37,60.40701,37.42037,57395.357141,30.0,c,18.86,1133.18,00.33
00263,TA064N42,64.94749,42.38943,57395.359734,30.0,c,18.87,1133.18,00.33
00264,TA057N42,57.55830,42.98712,57395.368819,30.0,c,18.88,1133.32,00.33
00265,TA064N42,64.35500,42.98512,57395.370035,30.0,c,18.86,1133.32,00.33
00266,TA053N37,53.35870,37.11746,57395.371875,30.0,c,18.87,1133.32,00.33
00267,TA060N37,59.85844,38.01476,57395.372488,30.0,c,18.86,1133.32,00.33
00268,TA050N32,49.92566,32.12343,57395.374340,30.0,c,18.88,1133.32,00.33
00269,TA047N27,47.51291,27.10977,57395.375556,30.0,c,18.89,1133.32,00.33
00270,TA056N32,55.83340,32.11039,57395.380231,30.0,c,18.85,1133.32,00.33
00271,TA060N37,59.68278,37.10910,57395.382685,30.0,c,18.88,1133.32,00.33
00272,TA057N42,57.38352,42.07923,57395.387662,30.0,c,18.89,1133.36,00.33
00273,TA064N42,64.19363,42.07341,57395.396597,30.0,c,18.86,1133.36,00.33
00274,TA069N52,69.74225,52.73977,57396.335347,30.0,c,18.75,1133.36,00.33
00275,TA069N47,69.86519,47.68364,57396.339641,30.0,c,18.81,1133.36,00.33
00276,TA069N47,70.10351,47.37999,57396.352674,30.0,c,18.86,1133.36,00.33
00277,TA077N52,77.88317,52.78037,57396.357581,30.0,c,18.93,1133.36,00.33
00278,TA069N52,70.03182,52.43295,57396.358808,30.0,c,18.83,1133.36,00.33
00279,TA077N52,78.13647,52.47971,57396.359421,30.0,c,18.92,1133.36,00.33
00280,TA085N52,86.09959,52.77442,57396.361644,30.0,c,18.93,1133.36,00.33
00281,TA087N57,87.98823,57.83833,57396.362245,30.0,c,18.94,1133.36,00.33
00282,TA077N47,77.39523,47.42245,57396.364572,30.0,c,18.92,1134.28,00.33
00283,TA084N47,84.48946,47.76729,57396.366065,30.0,c,18.89,1134.28,00.33
00284,TA062N47,62.20979,47.96906,57396.367894,30.0,c,18.81,1134.67,00.33
00285,TA069N47,69.47040,47.97523,57396.368507,30.0,c,18.86,1134.67,00.33
00286,TA069N52,69.31388,53.02903,57396.370347,30.0,c,18.85,1135.24,00.33
00287,TA077N52,77.42278,53.07500,57396.374201,30.0,c,18.93,1135.73,00.33
00288,TA069N52,69.07900,52.12570,57396.376829,30.0,c,18.84,1136.02,00.33
00289,TA084N47,84.73152,47.46388,57396.382049,30.0,c,18.94,1136.02,00.33
00290,TA094N52,94.24850,52.79533,57396.383981,30.0,c,19.00,1136.02,00.33
00291,TA085N52,86.27344,52.50978,57396.385336,30.0,c,18.98,1136.02,00.33
00292,TA087N57,88.19062,57.57256,57396.387720,30.0,c,18.97,1136.02,00.33
00293,TA103N62,103.78008,62.84268,57396.388507,30.0,c,19.03,1136.02,00.33
00294,TA097N57,97.31510,57.83673,57396.389109,30.0,c,18.99,1136.02,00.33
00295,TA102N52,102.42661,52.77543,57396.389722,30.0,c,19.06,1136.02,00.33
00296,TA084N47,84.08092,48.06049,57396.394271,30.0,c,18.94,1136.02,00.33
00297,TA087N57,87.36962,58.16915,57396.400463,30.0,c,18.96,1136.25,00.33
00298,TA085N52,85.55801,53.10422,57396.401076,30.0,c,18.98,1136.27,00.33
00299,TA077N52,77.22637,52.16419,57396.403889,30.0,c,18.96,1136.27,00.33
00300,TA106N57,106.52803,57.78781,57396.410972,30.0,c,19.06,1136.27,00.33
00301,TA110N52,110.64604,52.74533,57396.411574,30.0,c,19.10,1136.27,00.33
00302,TA097N57,97.50510,57.57439,57396.412512,30.0,c,19.01,1136.27,00.33
00303,TA102N52,102.59802,52.51209,57396.413426,30.0,c,19.07,1136.27,00.33
00304,TA103N62,103.98598,62.57790,57396.415104,30.0,c,19.05,1136.27,00.33
00305,TA114N62,114.87495,62.81292,57396.415845,30.0,c,19.03,1136.29,00.33
00306,TA106N57,106.81740,57.48598,57396.416458,30.0,c,19.06,1136.29,00.33
00307,TA115N57,115.58651,57.73816,57396.417072,30.0,c,19.04,1136.34,00.33
00308,TA118N52,118.86576,52.71904,57396.417685,30.0,c,19.09,1136.34,00.33
00309,TA084N47,83.90615,47.15124,57396.420648,30.0,c,18.97,1136.34,00.33
00310,TA087N57,87.13825,57.26160,57396.423368,30.0,c,18.98,1136.61,00.33
00311,TA085N52,85.35039,52.19511,57396.423981,30.0,c,18.99,1136.61,00.33
00312,TA094N52,93.72650,53.12274,57396.427419,30.0,c,19.01,1136.61,00.33
00313,TA097N57,96.69728,58.16899,57396.428032,30.0,c,19.02,1136.73,00.33
00314,TA103N62,103.03570,63.17520,57396.428646,30.0,c,19.07,1136.90,00.33
00315,TA094N52,93.48508,52.22075,57396.430023,30.0,c,19.01,1136.90,00.33
00316,TA097N57,96.42829,57.26735,57396.430637,30.0,c,19.03,1136.90,00.33
00317,TA110N52,110.92054,52.44140,57396.438345,30.0,c,19.08,1136.90,00.33
00318,TA114N62,115.23493,62.50886,57396.438958,30.0,c,19.03,1137.01,00.33
00319,TA106N57,105.88953,58.12335,57396.439780,30.0,c,19.04,1137.01,00.33
00320,TA102N52,101.90218,53.10488,57396.441192,30.0,c,19.07,1137.01,00.33
00321,TA110N52,110.08738,53.08062,57396.441806,30.0,c,19.06,1137.01,00.33
00322,TA115N57,115.07301,58.03662,57396.442616,30.0,c,19.02,1137.01,00.33
00323,TA103N62,102.77712,62.26831,57396.450023,30.0,c,19.00,1137.01,00.33
00324,TA018S12,18.21977,-12.30670,57398.258299,30.0,c,18.72,1137.01,00.33
00325,TA018S17,18.46760,-17.30909,57398.260752,30.0,c,18.73,1160.95,00.33
00326,TA021S02,21.55549,-2.33109,57398.263194,30.0,c,18.73,1160.95,00.33
00327,TA022S07,23.08828,-7.30338,57398.265625,30.0,c,18.75,1160.95,00.33
00328,TA023S12,23.36540,-12.30618,57398.268079,30.0,c,18.77,1160.97,00.33
00329,TA026S02,26.55207,-2.33043,57398.272986,30.0,c,18.76,1160.97,00.33
00330,TA018S12,18.39460,-12.60627,57398.274826,30.0,c,18.71,1160.97,00.33
00331,TA018S17,18.64237,-17.60823,57398.277269,30.0,c,18.73,1163.39,00.33
00332,TA021S02,21.71845,-2.63339,57398.279711,30.0,c,18.74,1163.39,00.33
00333,TA022S07,23.25177,-7.60544,57398.282176,30.0,c,18.76,1163.47,00.33
00334,TA023S12,23.53064,-12.60718,57398.284630,30.0,c,18.75,1163.51,00.33
00335,TA026S02,26.71504,-2.63268,57398.289514,30.0,c,18.79,1163.92,00.33
00336,TA018S12,17.94809,-12.00682,57398.291354,30.0,c,18.69,1164.27,00.33
00337,TA018S17,18.19009,-17.00552,57398.293808,30.0,c,18.68,1165.32,00.33
00338,TA021S02,21.27321,-2.03368,57398.296250,30.0,c,18.70,1165.48,00.33
00339,TA022S07,22.81700,-7.00507,57398.298704,30.0,c,18.74,1165.48,00.33
00340,TA023S12,23.08400,-12.00639,57398.301146,30.0,c,18.74,1165.48,00.33
00341,TA026S02,26.27969,-2.03304,57398.306030,30.0,c,18.75,1165.48,00.33
00342,TA018S12,17.80718,-12.90428,57398.307870,30.0,c,18.64,1165.48,00.33
00343,TA018S17,18.04996,-17.90400,57398.310313,30.0,c,18.62,1167.71,00.33
00344,TA021S02,21.14054,-2.93529,57398.312789,30.0,c,18.66,1167.72,00.33
00345,TA022S07,22.68432,-7.90462,57398.315243,30.0,c,18.68,1167.72,00.33
00346,TA023S12,22.95312,-12.90525,57398.317674,30.0,c,18.67,1167.75,00.33
00347,TA026S02,26.14629,-2.93464,57398.322593,30.0,c,18.68,1167.75,00.33
00348,TA021S02,21.54516,-2.32992,57399.252639,30.0,c,18.78,1167.75,00.33
00349,TA018S12,18.21821,-12.30721,57399.257512,30.0,c,18.76,1167.75,00.33
00350,TA018S17,18.46611,-17.30951,57399.259965,30.0,c,18.76,1167.75,00.33
00351,TA022S07,23.08415,-7.30369,57399.262419,30.0,c,18.81,1167.75,00.33
00352,TA023S12,23.36116,-12.30693,57399.264884,30.0,c,18.80,1167.75,00.33
00353,TA021S02,21.70867,-2.63252,57399.269167,30.0,c,18.76,1167.75,00.33
00354,TA026S02,26.54754,-2.33032,57399.269780,30.0,c,18.81,1167.75,00.33
00355,TA018S12,18.39264,-12.60690,57399.274074,30.0,c,18.74,1167.75,00.33
00356,TA018S17,18.64142,-17.60844,57399.276516,30.0,c,18.75,1167.75,00.33
00357,TA022S07,23.24817,-7.60534,57399.278970,30.0,c,18.78,1167.75,00.33
00358,TA023S12,23.52717,-12.60714,57399.281424,30.0,c,18.80,1167.75,00.33
00359,TA021S02,21.26309,-2.03374,57399.285706,30.0,c,18.76,1167.75,00.33
00360,TA026S02,26.71213,-2.63256,57399.286319,30.0,c,18.82,1167.75,00.33
00361,TA018S12,17.94875,-12.00563,57399.290613,30.0,c,18.68,1167.75,00.33
00362,TA018S17,18.18863,-17.00610,57399.293079,30.0,c,18.74,1167.75,00.33
00363,TA022S07,22.81373,-7.00551,57399.295521,30.0,c,18.76,1167.75,00.33
00364,TA023S12,23.08147,-12.00700,57399.297963,30.0,c,18.77,1167.75,00.33
00365,TA021S02,21.12989,-2.93503,57399.302315,30.0,c,18.69,1167.75,00.33
00366,TA026S02,26.27711,-2.03410,57399.302917,30.0,c,18.76,1167.75,00.33
00367,TA018S12,17.80693,-12.90503,57399.307257,30.0,c,18.66,1167.75,00.33
00368,TA018S17,18.04857,-17.90321,57399.309699,30.0,c,18.62,1167.76,00.33
00369,TA022S07,22.68130,-7.90580,57399.312187,30.0,c,18.67,1167.76,00.33
00370,TA023S12,22.95031,-12.90588,57399.314641,30.0,c,18.68,1167.76,00.33
00371,TA026S02,26.14374,-2.93492,57399.319572,30.0,c,18.72,1167.76,00.33
00372,TA023N02,23.85348,2.63311,57400.281505,30.0,c,18.70,1167.76,00.33
00373,TA027N07,27.95373,7.64883,57400.286343,30.0,c,18.72,1189.13,00.33
00374,TA028N12,28.50102,12.64367,57400.288796,30.0,c,18.73,1216.56,00.34
00375,TA028N02,28.85413,2.64113,57400.291308,30.0,c,18.76,1216.56,00.34
00376,TA032N07,33.01828,7.64998,57400.293796,30.0,c,18.73,1240.16,00.35
00377,TA033N12,33.64537,12.64570,57400.296227,30.0,c,18.73,1263.41,00.36
00378,TA033N17,34.07266,17.67008,57400.298681,30.0,c,18.77,1290.86,00.37
00379,TA023N02,24.01941,2.33061,57400.299282,30.0,c,18.69,1290.86,00.37
00380,TA033N02,33.83770,2.63459,57400.301157,30.0,c,18.80,1290.93,00.37
00381,TA027N07,28.12067,7.34606,57400.304306,30.0,c,18.69,1290.93,00.37
00382,TA038N12,38.77570,12.65692,57400.306134,30.0,c,18.80,1291.31,00.37
00383,TA028N12,28.67814,12.33991,57400.306748,30.0,c,18.74,1291.31,00.37
00384,TA028N02,29.01646,2.33141,57400.309259,30.0,c,18.74,1291.31,00.37
00385,TA039N17,39.28112,17.67057,57400.311088,30.0,c,18.80,1316.05,00.39
00386,TA032N07,33.18539,7.34739,57400.311701,30.0,c,18.73,1316.68,00.39
00387,TA033N12,33.81236,12.34150,57400.314178,30.0,c,18.74,1316.86,00.39
00388,TA033N17,34.24922,17.36500,57400.316701,30.0,c,18.78,1316.86,00.39
00389,TA023N02,23.58495,2.92902,57400.317303,30.0,c,18.63,1316.86,00.39
00390,TA033N02,34.00391,2.33180,57400.319132,30.0,c,18.77,1317.78,00.39
00391,TA044N17,44.49688,17.68196,57400.320972,30.0,c,18.76,1335.26,00.39
00392,TA027N07,27.68615,7.94301,57400.322199,30.0,c,18.67,1336.40,00.39
00393,TA038N12,38.94884,12.35212,57400.324097,30.0,c,18.80,1338.16,00.39
00394,TA028N12,28.23380,12.93564,57400.324699,30.0,c,18.70,1341.06,00.39
00395,TA028N02,28.58201,2.92914,57400.327176,30.0,c,18.72,1341.06,00.39
00396,TA039N17,39.45898,17.36525,57400.329005,30.0,c,18.81,1341.22,00.39
00397,TA032N07,32.75109,7.94434,57400.329641,30.0,c,18.72,1341.22,00.39
00398,TA033N12,33.36858,12.93779,57400.332095,30.0,c,18.75,1341.27,00.39
00399,TA033N17,33.78645,17.96087,57400.334653,30.0,c,18.79,1344.22,00.39
00400,TA023N02,23.45284,2.02890,57400.335255,30.0,c,18.64,1344.22,00.39
00401,TA033N02,33.56957,2.93031,57400.337106,30.0,c,18.78,1344.25,00.39
00402,TA044N17,44.67570,17.37702,57400.339016,30.0,c,18.80,1346.31,00.39
00403,TA027N07,27.55147,7.04277,57400.340255,30.0,c,18.68,1346.61,00.39
00404,TA038N12,38.50562,12.94888,57400.342072,30.0,c,18.80,1346.61,00.39
00405,TA028N12,28.09157,12.03294,57400.342697,30.0,c,18.69,1347.30,00.39
00406,TA028N02,28.44971,2.02876,57400.344688,30.0,c,18.71,1347.30,00.39
00407,TA039N17,39.00536,17.96110,57400.346574,30.0,c,18.81,1348.76,00.39
00408,TA032N07,32.60735,7.04121,57400.347176,30.0,c,18.71,1348.76,00.39
00409,TA033N12,33.22506,12.03375,57400.349664,30.0,c,18.67,1348.76,00.39
00410,TA033N17,33.65416,17.05530,57400.352130,30.0,c,18.75,1349.22,00.39
00411,TA033N02,33.43645,2.02896,57400.354745,30.0,c,18.75,1349.24,00.39
00412,TA044N17,44.22216,17.97198,57400.356644,30.0,c,18.79,1349.57,00.39
00413,TA038N12,38.36207,12.04483,57400.359815,30.0,c,18.77,1351.09,00.39
00414,TA039N17,38.86411,17.05530,57400.364815,30.0,c,18.79,1351.09,00.39
00415,TA044N17,44.07669,17.06788,57400.371840,30.0,c,18.78,1352.61,00.39
00416,TA023N02,23.83379,2.59894,57401.280127,30.0,c,18.67,1352.61,00.39
00417,TA028N12,28.49361,12.59833,57401.282546,30.0,c,18.71,1352.61,00.39
00418,TA027N07,27.94349,7.60834,57401.287373,30.0,c,18.69,1352.61,00.39
00419,TA028N02,28.83357,2.59887,57401.289803,30.0,c,18.72,1352.61,00.39
00420,TA032N07,33.01379,7.60889,57401.292269,30.0,c,18.71,1352.61,00.39
00421,TA033N12,33.64413,12.59860,57401.294699,30.0,c,18.73,1352.61,00.39
00422,TA033N17,34.07416,17.61810,57401.297106,30.0,c,18.77,1352.61,00.39
00423,TA033N02,33.82447,2.59912,57401.299537,30.0,c,18.76,1352.61,00.39
00424,TA038N12,38.77870,12.60907,57401.304433,30.0,c,18.78,1352.61,00.39
00425,TA039N17,39.28525,17.61791,57401.309352,30.0,c,18.78,1352.61,00.39
00426,TA023N02,23.53608,2.89810,57401.315509,30.0,c,18.60,1352.61,00.39
00427,TA028N12,28.19501,12.89663,57401.317917,30.0,c,18.68,1352.68,00.39
00428,TA044N17,44.50502,17.62823,57401.319120,30.0,c,18.77,1352.68,00.39
00429,TA027N07,27.64578,7.90712,57401.322778,30.0,c,18.65,1352.73,00.39
00430,TA028N02,28.53645,2.89741,57401.325231,30.0,c,18.67,1352.73,00.39
00431,TA032N07,32.71596,7.90758,57401.327697,30.0,c,18.70,1352.73,00.39
00432,TA033N12,33.33563,12.89723,57401.330104,30.0,c,18.71,1352.73,00.39
00433,TA033N17,33.75551,17.91639,57401.332616,30.0,c,18.76,1352.78,00.39
00434,TA023N02,23.38875,1.99777,57401.333218,30.0,c,18.59,1352.95,00.39
00435,TA033N02,33.52717,2.89786,57401.335104,30.0,c,18.74,1352.95,00.39
00436,TA028N12,28.03625,11.99650,57401.335706,30.0,c,18.66,1353.05,00.39
00437,TA044N17,44.66643,17.32741,57401.336933,30.0,c,18.80,1353.09,00.39
00438,TA038N12,38.47608,12.90758,57401.339954,30.0,c,18.80,1353.09,00.39
00439,TA027N07,27.49459,7.00963,57401.340567,30.0,c,18.68,1353.28,00.39
00440,TA028N02,28.38884,1.99721,57401.343044,30.0,c,18.70,1353.28,00.39
00441,TA039N17,38.97584,17.91605,57401.344942,30.0,c,18.82,1353.28,00.39
00442,TA032N07,32.55685,7.00709,57401.345556,30.0,c,18.72,1353.28,00.39
00443,TA033N12,33.17666,11.99652,57401.348021,30.0,c,18.73,1353.28,00.39
00444,TA033N17,33.60695,17.01572,57401.350428,30.0,c,18.79,1353.53,00.39
00445,TA033N02,33.37871,1.99793,57401.353009,30.0,c,18.77,1353.53,00.39
00446,TA044N17,44.19617,17.92663,57401.354919,30.0,c,18.81,1353.53,00.39
00447,TA038N12,38.31652,12.00715,57401.358032,30.0,c,18.79,1353.91,00.39
00448,TA039N17,38.81774,17.01530,57401.362975,30.0,c,18.80,1353.91,00.39
00449,TA044N17,44.03678,17.02626,57401.370544,30.0,c,18.79,1354.29,00.39
00450,TA034N22,35.11654,22.64687,57402.292743,30.0,c,18.57,1379.97,00.39
00451,TA040N22,40.49768,22.64674,57402.302546,30.0,c,18.56,1397.96,00.41
00452,TA042N27,42.37928,27.65759,57402.307535,30.0,c,18.61,1397.96,00.41
00453,TA034N22,35.27713,22.34706,57402.308738,30.0,c,18.55,1397.96,00.41
00454,TA044N32,44.53314,32.67807,57402.309977,30.0,c,18.63,1397.96,00.41
00455,TA045N22,45.88789,22.64774,57402.312442,30.0,c,18.60,1402.43,00.41
00456,TA047N37,47.59733,37.66854,57402.314988,30.0,c,18.58,1402.43,00.41
00457,TA047N27,48.00101,27.65919,57402.317558,30.0,c,18.64,1402.43,00.41
00458,TA040N22,40.65752,22.34722,57402.318785,30.0,c,18.55,1402.43,00.41
00459,TA050N32,50.45448,32.66892,57402.320046,30.0,c,18.62,1402.43,00.41
00460,TA042N27,42.54896,27.35764,57402.323831,30.0,c,18.61,1402.43,00.41
00461,TA034N22,34.78788,22.94589,57402.325799,30.0,c,18.53,1405.49,00.41
00462,TA044N32,44.71220,32.37715,57402.326435,30.0,c,18.61,1405.49,00.41
00463,TA053N37,53.92925,37.64870,57402.327720,30.0,c,18.63,1405.49,00.41
00464,TA045N22,46.04772,22.34744,57402.328970,30.0,c,18.59,1405.57,00.41
00465,TA056N32,56.36654,32.64891,57402.330278,30.0,c,18.64,1405.57,00.41
00466,TA047N37,47.78589,37.36731,57402.331644,30.0,c,18.64,1405.57,00.41
00467,TA047N27,48.16981,27.35772,57402.334144,30.0,c,18.64,1405.57,00.41
00468,TA040N22,40.17885,22.94592,57402.336157,30.0,c,18.55,1405.83,00.41
00469,TA050N32,50.63328,32.36745,57402.336817,30.0,c,18.65,1405.83,00.41
00470,TA042N27,42.04049,27.95659,57402.341308,30.0,c,18.61,1405.83,00.41
00471,TA034N22,34.62834,22.04529,57402.342512,30.0,c,18.53,1406.42,00.41
00472,TA044N32,44.17340,32.97664,57402.344005,30.0,c,18.63,1406.42,00.41
00473,TA045N22,45.55931,22.94592,57402.346146,30.0,c,18.60,1406.42,00.41
00474,TA047N37,47.21696,37.96589,57402.351470,30.0,c,18.64,1406.42,00.41
00475,TA060N37,60.45887,37.33776,57402.352072,30.0,c,18.67,1406.42,00.41
00476,TA056N32,56.54427,32.34687,57402.353391,30.0,c,18.66,1406.42,00.41
00477,TA042N27,41.87046,27.05597,57402.354606,30.0,c,18.59,1406.43,00.41
00478,TA050N32,50.09405,32.96660,57402.355810,30.0,c,18.67,1406.43,00.41
00479,TA047N27,47.66134,27.95634,57402.357616,30.0,c,18.68,1406.43,00.41
00480,TA040N22,40.00961,22.04511,57402.358218,30.0,c,18.55,1406.43,00.41
00481,TA045N22,45.39985,22.04577,57402.361644,30.0,c,18.62,1406.43,00.41
00482,TA047N27,47.49127,27.05604,57402.363449,30.0,c,18.70,1406.43,00.41
00483,TA056N32,56.01414,32.94665,57402.364051,30.0,c,18.70,1406.43,00.41
00484,TA060N37,59.88841,37.93763,57402.366516,30.0,c,18.70,1406.43,00.41
00485,TA050N32,49.91377,32.06672,57402.367766,30.0,c,18.71,1406.43,00.41
00486,TA053N37,53.54749,37.94698,57402.369016,30.0,c,18.74,1406.43,00.41
00487,TA044N32,43.99275,32.07567,57402.369618,30.0,c,18.70,1406.46,00.41
00488,TA047N37,47.02522,37.06593,57402.371678,30.0,c,18.70,1406.46,00.41
00489,TA053N37,53.36733,37.04642,57402.375023,30.0,c,18.75,1406.46,00.41
00490,TA056N32,55.83516,32.04688,57402.379525,30.0,c,18.75,1406.46,00.41
00491,TA060N37,59.69753,37.03571,57402.396377,30.0,c,18.80,1406.46,00.41
00492,TA034N22,35.11911,22.64974,57403.293079,30.0,c,18.34,1406.46,00.41
00493,TA040N22,40.49905,22.64913,57403.302975,30.0,c,18.36,1406.46,00.41
00494,TA042N27,42.38106,27.65879,57403.307940,30.0,c,18.42,1406.46,00.41
00495,TA034N22,35.27850,22.34818,57403.309144,30.0,c,18.34,1406.46,00.41
00496,TA044N32,44.53509,32.67872,57403.310382,30.0,c,18.45,1406.46,00.41
00497,TA045N22,45.88975,22.64927,57403.312870,30.0,c,18.41,1406.46,00.41
00498,TA047N27,48.00318,27.66016,57403.315278,30.0,c,18.49,1406.46,00.41
00499,TA047N37,47.59920,37.66877,57403.317812,30.0,c,18.47,1406.46,00.41
00500,TA040N22,40.65891,22.34819,57403.319016,30.0,c,18.34,1406.46,00.41
00501,TA050N32,50.45693,32.67079,57403.320289,30.0,c,18.46,1406.46,00.41
00502,TA042N27,42.55033,27.35820,57403.324063,30.0,c,18.39,1406.46,00.41
00503,TA034N22,34.78981,22.94713,57403.326007,30.0,c,18.31,1406.47,00.41
00504,TA044N32,44.71329,32.37767,57403.326620,30.0,c,18.46,1406.47,00.41
00505,TA053N37,53.93128,37.64899,57403.327975,30.0,c,18.50,1406.47,00.41
00506,TA045N22,46.04908,22.34848,57403.329213,30.0,c,18.38,1406.49,00.41
00507,TA056N32,56.36805,32.64959,57403.330509,30.0,c,18.48,1406.49,00.41
00508,TA047N27,48.17143,27.35843,57403.331817,30.0,c,18.46,1406.49,00.41
00509,TA047N37,47.78715,37.36722,57403.334225,30.0,c,18.47,1406.49,00.41
00510,TA040N22,40.18074,22.94712,57403.336169,30.0,c,18.30,1406.50,00.41
00511,TA050N32,50.63171,32.38877,57403.336817,30.0,c,18.47,1406.50,00.41
00512,TA060N37,60.27292,37.63995,57403.338183,30.0,c,18.49,1406.50,00.41
00513,TA042N27,42.04232,27.95759,57403.341273,30.0,c,18.35,1406.50,00.41
00514,TA034N22,34.63041,22.04638,57403.342488,30.0,c,18.26,1406.50,00.41
00515,TA044N32,44.17499,32.97694,57403.343935,30.0,c,18.42,1406.50,00.41
00516,TA047N37,47.21842,37.96655,57403.347894,30.0,c,18.43,1406.50,00.41
00517,TA042N27,41.87173,27.05689,57403.352014,30.0,c,18.32,1406.50,00.41
00518,TA056N32,56.54512,32.34784,57403.352616,30.0,c,18.44,1406.50,00.41
00519,TA050N32,50.09481,32.96724,57403.353831,30.0,c,18.43,1406.50,00.41
00520,TA040N22,40.01110,22.04699,57403.355648,30.0,c,18.29,1406.50,00.41
00521,TA047N27,47.66220,27.95714,57403.356852,30.0,c,18.44,1406.50,00.41
00522,TA045N22,45.40124,22.04683,57403.360880,30.0,c,18.34,1406.50,00.41
00523,TA047N27,47.49256,27.05726,57403.362083,30.0,c,18.40,1406.50,00.41
00524,TA056N32,56.01490,32.94716,57403.362685,30.0,c,18.46,1406.50,00.41
00525,TA060N37,59.88951,37.93772,57403.365775,30.0,c,18.49,1406.50,00.41
00526,TA050N32,49.91452,32.06657,57403.367037,30.0,c,18.44,1406.50,00.41
00527,TA053N37,53.54847,37.94671,57403.367639,30.0,c,18.47,1406.50,00.41
00528,TA044N32,43.99410,32.07631,57403.368241,30.0,c,18.40,1406.50,00.41
00529,TA047N37,47.02697,37.06612,57403.370891,30.0,c,18.42,1406.50,00.41
00530,TA053N37,53.36837,37.04648,57403.374213,30.0,c,18.47,1406.50,00.41
00531,TA056N32,55.83608,32.04761,57403.378056,30.0,c,18.43,1406.50,00.41
00532,TA060N37,59.69867,37.03613,57403.395845,30.0,c,18.51,1406.50,00.41
00533,TA018S17,18.13556,-17.62689,57407.210440,30.0,o,17.39,1406.50,00.41
00534,TA018S17,17.97533,-17.32631,57407.216563,30.0,o,17.73,1406.80,00.41
00535,TA018S17,18.44567,-17.92563,57407.228438,30.0,o,17.85,1407.29,00.41
00536,TA018S17,18.60461,-17.02474,57407.241944,30.0,o,17.86,1407.29,00.41
00537,TA018S12,17.90470,-12.62928,57408.249363,30.0,o,17.72,1407.29,00.41
00538,TA021S02,21.24092,-2.65999,57408.254294,30.0,o,17.77,1407.29,00.41
00539,TA022S07,22.78126,-7.62952,57408.259144,30.0,o,17.76,1407.29,00.41
00540,TA026S02,26.25019,-2.66023,57408.264028,30.0,o,17.73,1407.29,00.41
00541,TA023S12,23.04400,-12.62894,57408.266470,30.0,o,17.67,1407.29,00.41
00542,TA018S12,17.74450,-12.32887,57408.268287,30.0,o,17.65,1407.40,00.41
00543,TA023N02,23.38926,2.59961,57408.270729,30.0,o,17.72,1407.51,00.41
00544,TA021S02,21.08962,-2.36037,57408.273171,30.0,o,17.73,1407.60,00.41
00545,TA028N12,28.03795,12.59886,57408.275590,30.0,o,17.76,1407.71,00.41
00546,TA022S07,22.63161,-7.32898,57408.278021,30.0,o,17.71,1407.71,00.41
00547,TA027N07,27.49714,7.60918,57408.280463,30.0,o,17.76,1407.77,00.41
00548,TA026S02,26.09893,-2.35992,57408.282894,30.0,o,17.73,1407.77,00.41
00549,TA023S12,22.89452,-12.32865,57408.285347,30.0,o,17.67,1407.77,00.41
00550,TA018S12,18.20564,-12.92875,57408.287176,30.0,o,17.65,1407.77,00.41
00551,TA028N02,28.38745,2.59860,57408.287778,30.0,o,17.75,1407.77,00.41
00552,TA023N02,23.83873,1.99914,57408.289630,30.0,o,17.73,1407.77,00.41
00553,TA038N12,38.47819,12.30954,57408.290833,30.0,o,17.77,1407.78,00.41
00554,TA021S02,21.54937,-2.96039,57408.292049,30.0,o,17.70,1407.78,00.41
00555,TA033N12,33.17628,12.60115,57408.292662,30.0,o,17.76,1407.78,00.41
00556,TA028N12,28.49688,11.99894,57408.294491,30.0,o,17.75,1407.78,00.41
00557,TA032N07,32.55716,7.60990,57408.295093,30.0,o,17.77,1407.78,00.41
00558,TA022S07,23.08242,-7.92906,57408.296910,30.0,o,17.68,1407.78,00.41
00559,TA027N07,27.94764,7.00936,57408.299352,30.0,o,17.74,1407.78,00.41
00560,TA026S02,26.54931,-2.96036,57408.301794,30.0,o,17.70,1407.92,00.41
00561,TA033N02,33.37704,2.59982,57408.302396,30.0,o,17.78,1407.92,00.41
00562,TA023S12,23.35567,-12.92831,57408.304248,30.0,o,17.64,1408.02,00.41
00563,TA018S12,18.36711,-12.02771,57408.306076,30.0,o,17.55,1408.02,00.41
00564,TA028N02,28.83685,1.99856,57408.306678,30.0,o,17.73,1408.02,00.41
00565,TA023N02,23.99016,2.89873,57408.308507,30.0,o,17.66,1408.02,00.41
00566,TA038N12,38.31656,12.60919,57408.309734,30.0,o,17.74,1408.02,00.41
00567,TA021S02,21.70242,-2.05966,57408.310949,30.0,o,17.64,1408.02,00.41
00568,TA033N12,33.64624,11.99879,57408.311562,30.0,o,17.72,1408.02,00.41
00569,TA028N12,28.65716,12.89793,57408.313391,30.0,o,17.70,1408.02,00.41
00570,TA032N07,33.01736,7.00937,57408.313993,30.0,o,17.70,1408.02,00.41
00571,TA022S07,23.23446,-7.02924,57408.315799,30.0,o,17.56,1408.02,00.41
00572,TA027N07,28.09800,7.90792,57408.318287,30.0,o,17.68,1408.02,00.41
00573,TA026S02,26.70196,-2.06041,57408.320718,30.0,o,17.62,1408.02,00.41
00574,TA033N02,33.82776,1.99909,57408.321319,30.0,o,17.72,1408.12,00.41
00575,TA023S12,23.50737,-12.02776,57408.323137,30.0,o,17.50,1408.19,00.41
00576,TA028N02,28.98882,2.89799,57408.325590,30.0,o,17.63,1408.19,00.41
00577,TA038N12,38.77518,12.00862,57408.328623,30.0,o,17.70,1408.33,00.41
00578,TA033N12,33.79635,12.89819,57408.330463,30.0,o,17.68,1408.33,00.41
00579,TA032N07,33.16822,7.90867,57408.332928,30.0,o,17.60,1408.33,00.41
00580,TA033N02,33.97957,2.89891,57408.340231,30.0,o,17.62,1408.47,00.41
00581,TA038N12,38.93605,12.90825,57408.347616,30.0,o,17.61,1408.47,00.41
00582,TA057N42,57.39195,42.61220,57409.331539,30.0,o,17.70,1408.52,00.41
00583,TA069N47,69.57904,47.28316,57409.334572,30.0,o,17.70,1408.52,00.41
00584,TA064N42,64.21393,42.59242,57409.343762,30.0,o,17.69,1408.52,00.41
00585,TA057N42,58.00054,42.01168,57409.345613,30.0,o,17.69,1408.52,00.41
00586,TA069N52,69.18396,52.63236,57409.346227,30.0,o,17.64,1408.54,00.41
00587,TA062N47,62.71739,46.98230,57409.349282,30.0,o,17.63,1408.54,00.41
00588,TA069N47,69.34147,47.58271,57409.351111,30.0,o,17.66,1408.54,00.41
00589,TA071N42,71.02621,42.60219,57409.356262,30.0,o,17.67,1408.54,00.41
00590,TA077N52,77.32863,52.66225,57409.358727,30.0,o,17.70,1408.54,00.41
00591,TA085N52,85.71267,52.40301,57409.359942,30.0,o,17.67,1408.54,00.41
00592,TA071N42,71.63615,42.00153,57409.361771,30.0,o,17.65,1408.68,00.41
00593,TA064N42,64.82283,42.00025,57409.362384,30.0,o,17.68,1408.68,00.41
00594,TA057N42,58.20142,42.90980,57409.362986,30.0,o,17.66,1408.68,00.41
00595,TA077N47,76.65534,47.61281,57409.366644,30.0,o,17.66,1408.68,00.41
00596,TA069N47,70.00896,46.98253,57409.367870,30.0,o,17.63,1408.68,00.41
00597,TA069N52,69.91732,52.03223,57409.369086,30.0,o,17.59,1408.68,00.41
00598,TA077N52,78.06257,52.07293,57409.372153,30.0,o,17.66,1408.68,00.41
00599,TA077N47,77.31192,47.02308,57409.374595,30.0,o,17.64,1409.95,00.41
00600,TA084N47,83.98764,47.66363,57409.376424,30.0,o,17.62,1409.95,00.41
00601,TA062N47,62.94558,47.88226,57409.379502,30.0,o,17.55,1409.95,00.41
00602,TA071N42,71.84236,42.90223,57409.380116,30.0,o,17.64,1409.95,00.41
00603,TA064N42,65.02032,42.89194,57409.380718,30.0,o,17.63,1409.95,00.41
00604,TA087N57,87.56441,57.46140,57409.382002,30.0,o,17.60,1409.95,00.41
00605,TA087N57,87.28436,57.76167,57409.383229,30.0,o,17.58,1409.95,00.41
00606,TA094N52,93.87394,52.42320,57409.383843,30.0,o,17.58,1409.95,00.41
00607,TA097N57,96.89167,57.46224,57409.384456,30.0,o,17.63,1409.95,00.41
00608,TA069N47,70.23721,47.88274,57409.388148,30.0,o,17.61,1409.95,00.41
00609,TA069N52,70.16624,52.93042,57409.389977,30.0,o,17.54,1409.95,00.41
00610,TA085N52,85.45230,52.70224,57409.394884,30.0,o,17.61,1409.95,00.41
00611,TA077N47,77.53849,47.91215,57409.396725,30.0,o,17.63,1409.95,00.41
00612,TA084N47,84.64124,47.06298,57409.397326,30.0,o,17.60,1410.16,00.41
00613,TA102N52,102.06509,52.40277,57409.398553,30.0,o,17.68,1410.16,00.41
00614,TA077N52,78.30798,52.96036,57409.399167,30.0,o,17.61,1410.16,00.41
00615,TA094N52,93.62032,52.72245,57409.400394,30.0,o,17.64,1410.16,00.41
00616,TA103N62,103.32320,62.46049,57409.401007,30.0,o,17.66,1410.16,00.41
00617,TA087N57,88.11523,57.16064,57409.404687,30.0,o,17.62,1410.16,00.41
00618,TA097N57,96.60655,57.75164,57409.405301,30.0,o,17.60,1410.16,00.41
00619,TA102N52,101.81311,52.70217,57409.407755,30.0,o,17.66,1410.16,00.41
00620,TA106N57,106.11059,57.41192,57409.408981,30.0,o,17.64,1410.16,00.41
00621,TA084N47,84.87146,47.96106,57409.413264,30.0,o,17.60,1410.51,00.41
00622,TA085N52,86.45052,53.00192,57409.414502,30.0,o,17.60,1410.51,00.41
00623,TA094N52,94.35318,52.12212,57409.418171,30.0,o,17.59,1410.56,00.41
00624,TA103N62,102.98763,62.76099,57409.419398,30.0,o,17.64,1410.58,00.41
00625,TA102N52,102.55026,52.10282,57409.420012,30.0,o,17.65,1410.96,00.41
00626,TA097N57,97.43895,57.16175,57409.420613,30.0,o,17.61,1410.96,00.41
00627,TA087N57,88.40297,58.06049,57409.423067,30.0,o,17.58,1410.96,00.41
00628,TA106N57,105.82818,57.71051,57409.431609,30.0,o,17.64,1410.96,00.41
00629,TA114N62,114.09690,62.72984,57409.432211,30.0,o,17.67,1410.96,00.41
00630,TA110N52,110.04646,52.67182,57409.432824,30.0,o,17.66,1410.96,00.41
00631,TA115N57,114.92504,57.66123,57409.433426,30.0,o,17.66,1410.96,00.41
00632,TA094N52,94.61291,53.02116,57409.440359,30.0,o,17.61,1410.96,00.41
00633,TA097N57,97.72805,58.05179,57409.440972,30.0,o,17.59,1410.96,00.41
00634,TA103N62,103.94479,62.16097,57409.442812,30.0,o,17.64,1410.96,00.41
00635,TA110N52,110.78071,52.07213,57409.444653,30.0,o,17.65,1411.27,00.41
00636,TA114N62,115.06816,62.13069,57409.445880,30.0,o,17.66,1411.27,00.41
00637,TA102N52,102.80429,53.00224,57409.447697,30.0,o,17.63,1411.27,00.41
00638,TA103N62,104.28901,63.06046,57409.449549,30.0,o,17.65,1411.27,00.41
00639,TA118N52,118.28826,52.64212,57409.456863,30.0,o,17.66,1411.29,00.41
00640,TA106N57,106.94580,58.01032,57409.465162,30.0,o,17.60,1411.29,00.41
00641,TA110N52,111.02339,52.97216,57409.466377,30.0,o,17.63,1411.29,00.41
00642,TA115N57,115.74810,57.06217,57409.467604,30.0,o,17.63,1411.63,00.41
00643,TA118N52,119.01842,52.04223,57409.468993,30.0,o,17.66,1412.81,00.41
00644,TA118N52,119.26762,52.94182,57409.472836,30.0,o,17.65,1413.80,00.41
00645,TA115N57,116.03792,57.96140,57409.473437,30.0,o,17.62,1414.63,00.41
00646,TA114N62,115.39578,63.03139,57409.474051,30.0,o,17.61,1415.18,00.41
00647,TA018S17,18.13618,-17.62916,57410.209259,30.0,o,17.08,1415.18,00.41
00648,TA018S17,17.97679,-17.32810,57410.214167,30.0,o,17.48,1415.18,00.41
00649,TA018S17,18.44593,-17.92906,57410.224826,30.0,o,17.62,1415.22,00.41
00650,TA018S17,18.60653,-17.02745,57410.237049,30.0,o,17.63,1415.22,00.41
00651,TA018S17,18.13254,-17.62776,57411.209225,30.0,o,16.88,1415.22,00.41
00652,TA018S17,17.97272,-17.32737,57411.213553,30.0,o,17.28,1415.23,00.41
00653,TA018S17,18.44302,-17.92820,57411.221551,30.0,o,17.50,1415.23,00.41
00654,TA018S17,18.60347,-17.02861,57411.235359,30.0,o,17.51,1415.23,00.41
00655,TA018S17,18.44761,-17.92833,57412.224595,30.0,o,17.72,1415.23,00.41
00656,TA018S17,18.60456,-17.02946,57412.236551,30.0,o,17.66,1415.23,00.41